Frequency (GHz)	Im(Y(1,1)) : qubit_coupler_qubit_system	Im(Y(1,2)) : qubit_coupler_qubit_system	Im(Y(1,3)) : qubit_coupler_qubit_system	Im(Y(2,2)) : qubit_coupler_qubit_system	Im(Y(2,3)) : qubit_coupler_qubit_system	Im(Y(3,3)) : qubit_coupler_qubit_system
0.01	6.6607e-06	-3.5859e-08	-5.03152e-07	6.65647e-06	-4.90388e-07	6.20194e-06
0.02	1.33227e-05	-7.18112e-08	-1.00607e-06	1.33144e-05	-9.80865e-07	1.24041e-05
0.03	1.99847e-05	-1.07761e-07	-1.50898e-06	1.99723e-05	-1.47134e-06	1.86062e-05
0.04	2.66466e-05	-1.43708e-07	-2.01191e-06	2.66302e-05	-1.96182e-06	2.48084e-05
0.05	3.33086e-05	-1.79651e-07	-2.51484e-06	3.32881e-05	-2.45229e-06	3.10105e-05
0.06	3.99705e-05	-2.15592e-07	-3.01778e-06	3.9946e-05	-2.94276e-06	3.72127e-05
0.07	4.66325e-05	-2.5153e-07	-3.52072e-06	4.66038e-05	-3.43323e-06	4.34148e-05
0.08	5.32944e-05	-2.87464e-07	-4.02367e-06	5.32617e-05	-3.92371e-06	4.9617e-05
0.09	5.99564e-05	-3.23394e-07	-4.52662e-06	5.99196e-05	-4.41418e-06	5.58191e-05
0.1	6.66184e-05	-3.59321e-07	-5.02958e-06	6.65775e-05	-4.90465e-06	6.20213e-05
0.11	7.32804e-05	-3.95245e-07	-5.53255e-06	7.32353e-05	-5.39512e-06	6.82235e-05
0.12	7.99424e-05	-4.31164e-07	-6.03553e-06	7.98932e-05	-5.88559e-06	7.44257e-05
0.13	8.66044e-05	-4.67079e-07	-6.53851e-06	8.65512e-05	-6.37606e-06	8.06279e-05
0.14	9.32664e-05	-5.02991e-07	-7.04149e-06	9.32091e-05	-6.86653e-06	8.68301e-05
0.15	9.99285e-05	-5.38897e-07	-7.54449e-06	9.98671e-05	-7.35699e-06	9.30323e-05
0.16	0.000106591	-5.748e-07	-8.04749e-06	0.000106525	-7.84746e-06	9.92346e-05
0.17	0.000113253	-6.10698e-07	-8.5505e-06	0.000113183	-8.33793e-06	0.000105437
0.18	0.000119915	-6.46591e-07	-9.05351e-06	0.000119841	-8.8284e-06	0.000111639
0.19	0.000126577	-6.82479e-07	-9.55653e-06	0.000126499	-9.31887e-06	0.000117841
0.2	0.000133239	-7.18363e-07	-1.00596e-05	0.000133157	-9.80934e-06	0.000124044
0.21	0.000139902	-7.54241e-07	-1.05626e-05	0.000139816	-1.02998e-05	0.000130246
0.22	0.000146564	-7.90114e-07	-1.10656e-05	0.000146474	-1.07903e-05	0.000136449
0.23	0.000153226	-8.25982e-07	-1.15687e-05	0.000153132	-1.12808e-05	0.000142651
0.24	0.000159889	-8.61844e-07	-1.20717e-05	0.00015979	-1.17712e-05	0.000148853
0.25	0.000166551	-8.97701e-07	-1.25748e-05	0.000166449	-1.22617e-05	0.000155056
0.26	0.000173214	-9.33552e-07	-1.30779e-05	0.000173107	-1.27522e-05	0.000161259
0.27	0.000179877	-9.69398e-07	-1.3581e-05	0.000179766	-1.32427e-05	0.000167461
0.28	0.000186539	-1.00524e-06	-1.40841e-05	0.000186424	-1.37331e-05	0.000173664
0.29	0.000193202	-1.04107e-06	-1.45872e-05	0.000193083	-1.42236e-05	0.000179866
0.3	0.000199865	-1.0769e-06	-1.50903e-05	0.000199742	-1.47141e-05	0.000186069
0.31	0.000206528	-1.11272e-06	-1.55934e-05	0.0002064	-1.52046e-05	0.000192272
0.32	0.000213191	-1.14853e-06	-1.60965e-05	0.000213059	-1.56951e-05	0.000198475
0.33	0.000219854	-1.18434e-06	-1.65996e-05	0.000219718	-1.61855e-05	0.000204678
0.34	0.000226517	-1.22014e-06	-1.71028e-05	0.000226377	-1.6676e-05	0.000210881
0.35	0.000233181	-1.25594e-06	-1.76059e-05	0.000233036	-1.71665e-05	0.000217084
0.36	0.000239844	-1.29172e-06	-1.81091e-05	0.000239696	-1.7657e-05	0.000223287
0.37	0.000246508	-1.3275e-06	-1.86122e-05	0.000246355	-1.81475e-05	0.00022949
0.38	0.000253171	-1.36328e-06	-1.91154e-05	0.000253014	-1.8638e-05	0.000235693
0.39	0.000259835	-1.39904e-06	-1.96186e-05	0.000259674	-1.91285e-05	0.000241896
0.4	0.000266499	-1.4348e-06	-2.01217e-05	0.000266334	-1.9619e-05	0.000248099
0.41	0.000273163	-1.47055e-06	-2.06249e-05	0.000272993	-2.01095e-05	0.000254303
0.42	0.000279827	-1.50629e-06	-2.11281e-05	0.000279653	-2.06e-05	0.000260506
0.43	0.000286491	-1.54203e-06	-2.16314e-05	0.000286313	-2.10905e-05	0.00026671
0.44	0.000293155	-1.57776e-06	-2.21346e-05	0.000292973	-2.1581e-05	0.000272913
0.45	0.00029982	-1.61348e-06	-2.26378e-05	0.000299634	-2.20715e-05	0.000279117
0.46	0.000306484	-1.64919e-06	-2.3141e-05	0.000306294	-2.25621e-05	0.000285321
0.47	0.000313149	-1.68489e-06	-2.36443e-05	0.000312955	-2.30526e-05	0.000291524
0.48	0.000319814	-1.72059e-06	-2.41475e-05	0.000319615	-2.35431e-05	0.000297728
0.49	0.000326479	-1.75627e-06	-2.46508e-05	0.000326276	-2.40336e-05	0.000303932
0.5	0.000333144	-1.79195e-06	-2.51541e-05	0.000332937	-2.45242e-05	0.000310136
0.51	0.000339809	-1.82762e-06	-2.56574e-05	0.000339598	-2.50147e-05	0.00031634
0.52	0.000346475	-1.86328e-06	-2.61606e-05	0.000346259	-2.55052e-05	0.000322545
0.53	0.000353141	-1.89893e-06	-2.66639e-05	0.000352921	-2.59958e-05	0.000328749
0.54	0.000359806	-1.93457e-06	-2.71672e-05	0.000359582	-2.64863e-05	0.000334953
0.55	0.000366472	-1.97021e-06	-2.76706e-05	0.000366244	-2.69769e-05	0.000341158
0.56	0.000373138	-2.00583e-06	-2.81739e-05	0.000372906	-2.74674e-05	0.000347362
0.57	0.000379805	-2.04145e-06	-2.86772e-05	0.000379568	-2.7958e-05	0.000353567
0.58	0.000386471	-2.07705e-06	-2.91806e-05	0.00038623	-2.84485e-05	0.000359772
0.59	0.000393138	-2.11265e-06	-2.96839e-05	0.000392893	-2.89391e-05	0.000365977
0.6	0.000399805	-2.14823e-06	-3.01873e-05	0.000399555	-2.94297e-05	0.000372182
0.61	0.000406472	-2.18381e-06	-3.06907e-05	0.000406218	-2.99203e-05	0.000378387
0.62	0.000413139	-2.21938e-06	-3.1194e-05	0.000412881	-3.04108e-05	0.000384592
0.63	0.000419806	-2.25493e-06	-3.16974e-05	0.000419544	-3.09014e-05	0.000390798
0.64	0.000426474	-2.29048e-06	-3.22008e-05	0.000426208	-3.1392e-05	0.000397003
0.65	0.000433142	-2.32601e-06	-3.27042e-05	0.000432871	-3.18826e-05	0.000403209
0.66	0.00043981	-2.36154e-06	-3.32077e-05	0.000439535	-3.23732e-05	0.000409414
0.67	0.000446478	-2.39706e-06	-3.37111e-05	0.000446199	-3.28638e-05	0.00041562
0.68	0.000453147	-2.43256e-06	-3.42145e-05	0.000452863	-3.33544e-05	0.000421826
0.69	0.000459815	-2.46805e-06	-3.4718e-05	0.000459528	-3.3845e-05	0.000428032
0.7	0.000466484	-2.50354e-06	-3.52214e-05	0.000466192	-3.43357e-05	0.000434238
0.71	0.000473153	-2.53901e-06	-3.57249e-05	0.000472857	-3.48263e-05	0.000440444
0.72	0.000479823	-2.57447e-06	-3.62284e-05	0.000479522	-3.53169e-05	0.000446651
0.73	0.000486492	-2.60992e-06	-3.67318e-05	0.000486187	-3.58076e-05	0.000452857
0.74	0.000493162	-2.64536e-06	-3.72353e-05	0.000492853	-3.62982e-05	0.000459064
0.75	0.000499832	-2.68079e-06	-3.77388e-05	0.000499519	-3.67888e-05	0.000465271
0.76	0.000506503	-2.7162e-06	-3.82424e-05	0.000506185	-3.72795e-05	0.000471478
0.77	0.000513173	-2.75161e-06	-3.87459e-05	0.000512851	-3.77702e-05	0.000477685
0.78	0.000519844	-2.787e-06	-3.92494e-05	0.000519517	-3.82608e-05	0.000483892
0.79	0.000526515	-2.82238e-06	-3.9753e-05	0.000526184	-3.87515e-05	0.0004901
0.8	0.000533186	-2.85775e-06	-4.02565e-05	0.000532851	-3.92422e-05	0.000496307
0.81	0.000539858	-2.89311e-06	-4.07601e-05	0.000539519	-3.97329e-05	0.000502515
0.82	0.00054653	-2.92846e-06	-4.12636e-05	0.000546186	-4.02236e-05	0.000508723
0.83	0.000553202	-2.96379e-06	-4.17672e-05	0.000552854	-4.07143e-05	0.000514931
0.84	0.000559874	-2.99911e-06	-4.22708e-05	0.000559522	-4.1205e-05	0.000521139
0.85	0.000566547	-3.03442e-06	-4.27744e-05	0.00056619	-4.16957e-05	0.000527347
0.86	0.00057322	-3.06972e-06	-4.3278e-05	0.000572859	-4.21864e-05	0.000533556
0.87	0.000579893	-3.105e-06	-4.37816e-05	0.000579528	-4.26772e-05	0.000539764
0.88	0.000586567	-3.14027e-06	-4.42853e-05	0.000586197	-4.31679e-05	0.000545973
0.89	0.00059324	-3.17553e-06	-4.47889e-05	0.000592867	-4.36587e-05	0.000552182
0.9	0.000599915	-3.21077e-06	-4.52926e-05	0.000599536	-4.41494e-05	0.000558391
0.91	0.000606589	-3.24601e-06	-4.57962e-05	0.000606206	-4.46402e-05	0.0005646
0.92	0.000613264	-3.28122e-06	-4.62999e-05	0.000612877	-4.5131e-05	0.00057081
0.93	0.000619939	-3.31643e-06	-4.68036e-05	0.000619547	-4.56217e-05	0.00057702
0.94	0.000626614	-3.35162e-06	-4.73072e-05	0.000626218	-4.61125e-05	0.000583229
0.95	0.00063329	-3.3868e-06	-4.78109e-05	0.00063289	-4.66033e-05	0.000589439
0.96	0.000639966	-3.42197e-06	-4.83147e-05	0.000639561	-4.70941e-05	0.000595649
0.97	0.000646642	-3.45712e-06	-4.88184e-05	0.000646233	-4.75849e-05	0.00060186
0.98	0.000653318	-3.49226e-06	-4.93221e-05	0.000652906	-4.80758e-05	0.00060807
0.99	0.000659995	-3.52738e-06	-4.98258e-05	0.000659578	-4.85666e-05	0.000614281
1	0.000666673	-3.56249e-06	-5.03296e-05	0.000666251	-4.90574e-05	0.000620492
1.01	0.00067335	-3.59759e-06	-5.08333e-05	0.000672924	-4.95483e-05	0.000626703
1.02	0.000680028	-3.63267e-06	-5.13371e-05	0.000679598	-5.00391e-05	0.000632914
1.03	0.000686707	-3.66774e-06	-5.18409e-05	0.000686272	-5.053e-05	0.000639126
1.04	0.000693385	-3.70279e-06	-5.23447e-05	0.000692946	-5.10209e-05	0.000645337
1.05	0.000700064	-3.73783e-06	-5.28485e-05	0.000699621	-5.15118e-05	0.000651549
1.06	0.000706744	-3.77286e-06	-5.33523e-05	0.000706296	-5.20027e-05	0.000657761
1.07	0.000713423	-3.80787e-06	-5.38561e-05	0.000712971	-5.24936e-05	0.000663974
1.08	0.000720103	-3.84286e-06	-5.43599e-05	0.000719647	-5.29845e-05	0.000670186
1.09	0.000726784	-3.87784e-06	-5.48637e-05	0.000726323	-5.34754e-05	0.000676399
1.1	0.000733465	-3.91281e-06	-5.53676e-05	0.000732999	-5.39663e-05	0.000682612
1.11	0.000740146	-3.94776e-06	-5.58714e-05	0.000739676	-5.44573e-05	0.000688825
1.12	0.000746827	-3.98269e-06	-5.63753e-05	0.000746353	-5.49482e-05	0.000695038
1.13	0.000753509	-4.01761e-06	-5.68792e-05	0.000753031	-5.54392e-05	0.000701251
1.14	0.000760192	-4.05252e-06	-5.73831e-05	0.000759709	-5.59302e-05	0.000707465
1.15	0.000766874	-4.08741e-06	-5.7887e-05	0.000766387	-5.64211e-05	0.000713679
1.16	0.000773557	-4.12228e-06	-5.83909e-05	0.000773066	-5.69121e-05	0.000719893
1.17	0.000780241	-4.15714e-06	-5.88948e-05	0.000779745	-5.74032e-05	0.000726108
1.18	0.000786925	-4.19198e-06	-5.93987e-05	0.000786425	-5.78942e-05	0.000732322
1.19	0.000793609	-4.2268e-06	-5.99026e-05	0.000793105	-5.83852e-05	0.000738537
1.2	0.000800294	-4.26161e-06	-6.04066e-05	0.000799785	-5.88762e-05	0.000744752
1.21	0.000806979	-4.2964e-06	-6.09105e-05	0.000806466	-5.93673e-05	0.000750967
1.22	0.000813665	-4.33118e-06	-6.14145e-05	0.000813147	-5.98583e-05	0.000757183
1.23	0.000820351	-4.36594e-06	-6.19185e-05	0.000819828	-6.03494e-05	0.000763399
1.24	0.000827037	-4.40069e-06	-6.24225e-05	0.00082651	-6.08405e-05	0.000769615
1.25	0.000833724	-4.43541e-06	-6.29265e-05	0.000833193	-6.13316e-05	0.000775831
1.26	0.000840411	-4.47012e-06	-6.34305e-05	0.000839876	-6.18227e-05	0.000782047
1.27	0.000847099	-4.50482e-06	-6.39345e-05	0.000846559	-6.23138e-05	0.000788264
1.28	0.000853787	-4.53949e-06	-6.44385e-05	0.000853243	-6.2805e-05	0.000794481
1.29	0.000860476	-4.57415e-06	-6.49425e-05	0.000859927	-6.32961e-05	0.000800698
1.3	0.000867165	-4.6088e-06	-6.54466e-05	0.000866612	-6.37873e-05	0.000806916
1.31	0.000873854	-4.64342e-06	-6.59506e-05	0.000873297	-6.42784e-05	0.000813133
1.32	0.000880544	-4.67803e-06	-6.64547e-05	0.000879982	-6.47696e-05	0.000819351
1.33	0.000887234	-4.71262e-06	-6.69588e-05	0.000886668	-6.52608e-05	0.00082557
1.34	0.000893925	-4.74719e-06	-6.74629e-05	0.000893355	-6.5752e-05	0.000831788
1.35	0.000900617	-4.78175e-06	-6.7967e-05	0.000900042	-6.62432e-05	0.000838007
1.36	0.000907308	-4.81628e-06	-6.84711e-05	0.000906729	-6.67344e-05	0.000844226
1.37	0.000914001	-4.8508e-06	-6.89752e-05	0.000913417	-6.72257e-05	0.000850445
1.38	0.000920693	-4.8853e-06	-6.94793e-05	0.000920105	-6.77169e-05	0.000856665
1.39	0.000927387	-4.91979e-06	-6.99834e-05	0.000926794	-6.82082e-05	0.000862884
1.4	0.00093408	-4.95425e-06	-7.04876e-05	0.000933483	-6.86995e-05	0.000869105
1.41	0.000940774	-4.9887e-06	-7.09918e-05	0.000940173	-6.91908e-05	0.000875325
1.42	0.000947469	-5.02312e-06	-7.14959e-05	0.000946863	-6.96821e-05	0.000881545
1.43	0.000954164	-5.05753e-06	-7.20001e-05	0.000953554	-7.01734e-05	0.000887766
1.44	0.00096086	-5.09192e-06	-7.25043e-05	0.000960245	-7.06648e-05	0.000893988
1.45	0.000967556	-5.12629e-06	-7.30085e-05	0.000966937	-7.11561e-05	0.000900209
1.46	0.000974253	-5.16064e-06	-7.35127e-05	0.000973629	-7.16475e-05	0.000906431
1.47	0.00098095	-5.19498e-06	-7.40169e-05	0.000980322	-7.21388e-05	0.000912653
1.48	0.000987648	-5.22929e-06	-7.45211e-05	0.000987015	-7.26302e-05	0.000918875
1.49	0.000994346	-5.26359e-06	-7.50254e-05	0.000993709	-7.31216e-05	0.000925098
1.5	0.00100104	-5.29786e-06	-7.55296e-05	0.0010004	-7.36131e-05	0.00093132
1.51	0.00100774	-5.33212e-06	-7.60339e-05	0.0010071	-7.41045e-05	0.000937544
1.52	0.00101444	-5.36635e-06	-7.65382e-05	0.00101379	-7.45959e-05	0.000943767
1.53	0.00102114	-5.40057e-06	-7.70424e-05	0.00102049	-7.50874e-05	0.000949991
1.54	0.00102785	-5.43476e-06	-7.75467e-05	0.00102719	-7.55789e-05	0.000956215
1.55	0.00103455	-5.46894e-06	-7.8051e-05	0.00103388	-7.60704e-05	0.000962439
1.56	0.00104125	-5.50309e-06	-7.85554e-05	0.00104058	-7.65619e-05	0.000968664
1.57	0.00104795	-5.53723e-06	-7.90597e-05	0.00104728	-7.70534e-05	0.000974889
1.58	0.00105465	-5.57134e-06	-7.9564e-05	0.00105398	-7.75449e-05	0.000981114
1.59	0.00106136	-5.60544e-06	-8.00684e-05	0.00106068	-7.80365e-05	0.00098734
1.6	0.00106806	-5.63951e-06	-8.05727e-05	0.00106738	-7.85281e-05	0.000993566
1.61	0.00107477	-5.67356e-06	-8.10771e-05	0.00107408	-7.90196e-05	0.000999792
1.62	0.00108147	-5.70759e-06	-8.15815e-05	0.00108078	-7.95112e-05	0.00100602
1.63	0.00108818	-5.7416e-06	-8.20858e-05	0.00108748	-8.00028e-05	0.00101225
1.64	0.00109488	-5.77559e-06	-8.25902e-05	0.00109418	-8.04945e-05	0.00101847
1.65	0.00110159	-5.80956e-06	-8.30947e-05	0.00110088	-8.09861e-05	0.0010247
1.66	0.0011083	-5.84351e-06	-8.35991e-05	0.00110759	-8.14778e-05	0.00103093
1.67	0.00111501	-5.87743e-06	-8.41035e-05	0.00111429	-8.19694e-05	0.00103716
1.68	0.00112172	-5.91133e-06	-8.46079e-05	0.001121	-8.24611e-05	0.00104338
1.69	0.00112843	-5.94522e-06	-8.51124e-05	0.0011277	-8.29528e-05	0.00104961
1.7	0.00113514	-5.97907e-06	-8.56169e-05	0.00113441	-8.34446e-05	0.00105584
1.71	0.00114185	-6.01291e-06	-8.61213e-05	0.00114111	-8.39363e-05	0.00106207
1.72	0.00114856	-6.04673e-06	-8.66258e-05	0.00114782	-8.44281e-05	0.0010683
1.73	0.00115527	-6.08052e-06	-8.71303e-05	0.00115453	-8.49198e-05	0.00107453
1.74	0.00116198	-6.11429e-06	-8.76348e-05	0.00116123	-8.54116e-05	0.00108076
1.75	0.00116869	-6.14804e-06	-8.81394e-05	0.00116794	-8.59034e-05	0.00108699
1.76	0.00117541	-6.18176e-06	-8.86439e-05	0.00117465	-8.63952e-05	0.00109322
1.77	0.00118212	-6.21546e-06	-8.91484e-05	0.00118136	-8.68871e-05	0.00109946
1.78	0.00118884	-6.24914e-06	-8.9653e-05	0.00118807	-8.73789e-05	0.00110569
1.79	0.00119555	-6.28279e-06	-9.01576e-05	0.00119478	-8.78708e-05	0.00111192
1.8	0.00120227	-6.31643e-06	-9.06621e-05	0.00120149	-8.83627e-05	0.00111815
1.81	0.00120899	-6.35003e-06	-9.11667e-05	0.00120821	-8.88546e-05	0.00112438
1.82	0.0012157	-6.38362e-06	-9.16713e-05	0.00121492	-8.93465e-05	0.00113062
1.83	0.00122242	-6.41718e-06	-9.21759e-05	0.00122163	-8.98385e-05	0.00113685
1.84	0.00122914	-6.45072e-06	-9.26806e-05	0.00122835	-9.03304e-05	0.00114309
1.85	0.00123586	-6.48423e-06	-9.31852e-05	0.00123506	-9.08224e-05	0.00114932
1.86	0.00124258	-6.51772e-06	-9.36899e-05	0.00124178	-9.13144e-05	0.00115555
1.87	0.0012493	-6.55118e-06	-9.41945e-05	0.00124849	-9.18064e-05	0.00116179
1.88	0.00125602	-6.58462e-06	-9.46992e-05	0.00125521	-9.22984e-05	0.00116802
1.89	0.00126274	-6.61804e-06	-9.52039e-05	0.00126193	-9.27905e-05	0.00117426
1.9	0.00126947	-6.65143e-06	-9.57086e-05	0.00126865	-9.32825e-05	0.0011805
1.91	0.00127619	-6.68479e-06	-9.62133e-05	0.00127537	-9.37746e-05	0.00118673
1.92	0.00128291	-6.71813e-06	-9.6718e-05	0.00128209	-9.42667e-05	0.00119297
1.93	0.00128964	-6.75145e-06	-9.72227e-05	0.00128881	-9.47588e-05	0.00119921
1.94	0.00129636	-6.78474e-06	-9.77275e-05	0.00129553	-9.5251e-05	0.00120545
1.95	0.00130309	-6.818e-06	-9.82322e-05	0.00130225	-9.57431e-05	0.00121168
1.96	0.00130982	-6.85124e-06	-9.8737e-05	0.00130897	-9.62353e-05	0.00121792
1.97	0.00131654	-6.88446e-06	-9.92418e-05	0.00131569	-9.67275e-05	0.00122416
1.98	0.00132327	-6.91764e-06	-9.97466e-05	0.00132242	-9.72197e-05	0.0012304
1.99	0.00133	-6.9508e-06	-0.000100251	0.00132914	-9.77119e-05	0.00123664
2	0.00133673	-6.98394e-06	-0.000100756	0.00133587	-9.82042e-05	0.00124288
2.01	0.00134346	-7.01705e-06	-0.000101261	0.00134259	-9.86964e-05	0.00124912
2.02	0.00135019	-7.05013e-06	-0.000101766	0.00134932	-9.91887e-05	0.00125536
2.03	0.00135692	-7.08318e-06	-0.000102271	0.00135605	-9.9681e-05	0.0012616
2.04	0.00136366	-7.1162e-06	-0.000102776	0.00136278	-0.000100173	0.00126784
2.05	0.00137039	-7.1492e-06	-0.000103281	0.0013695	-0.000100666	0.00127409
2.06	0.00137712	-7.18216e-06	-0.000103785	0.00137623	-0.000101158	0.00128033
2.07	0.00138386	-7.21509e-06	-0.00010429	0.00138296	-0.000101651	0.00128657
2.08	0.00139059	-7.248e-06	-0.000104795	0.00138969	-0.000102143	0.00129281
2.09	0.00139733	-7.28087e-06	-0.0001053	0.00139643	-0.000102635	0.00129906
2.1	0.00140407	-7.31372e-06	-0.000105805	0.00140316	-0.000103128	0.0013053
2.11	0.0014108	-7.34653e-06	-0.00010631	0.00140989	-0.000103621	0.00131155
2.12	0.00141754	-7.37931e-06	-0.000106815	0.00141662	-0.000104113	0.00131779
2.13	0.00142428	-7.41207e-06	-0.00010732	0.00142336	-0.000104606	0.00132404
2.14	0.00143102	-7.44479e-06	-0.000107825	0.00143009	-0.000105098	0.00133028
2.15	0.00143776	-7.47748e-06	-0.00010833	0.00143683	-0.000105591	0.00133653
2.16	0.0014445	-7.51014e-06	-0.000108835	0.00144357	-0.000106084	0.00134277
2.17	0.00145125	-7.54277e-06	-0.000109341	0.00145031	-0.000106576	0.00134902
2.18	0.00145799	-7.57536e-06	-0.000109846	0.00145704	-0.000107069	0.00135527
2.19	0.00146473	-7.60793e-06	-0.000110351	0.00146378	-0.000107562	0.00136151
2.2	0.00147148	-7.64046e-06	-0.000110856	0.00147052	-0.000108054	0.00136776
2.21	0.00147822	-7.67296e-06	-0.000111361	0.00147726	-0.000108547	0.00137401
2.22	0.00148497	-7.70543e-06	-0.000111866	0.001484	-0.00010904	0.00138026
2.23	0.00149171	-7.73787e-06	-0.000112371	0.00149075	-0.000109533	0.00138651
2.24	0.00149846	-7.77027e-06	-0.000112877	0.00149749	-0.000110026	0.00139276
2.25	0.00150521	-7.80264e-06	-0.000113382	0.00150423	-0.000110519	0.00139901
2.26	0.00151196	-7.83498e-06	-0.000113887	0.00151098	-0.000111012	0.00140526
2.27	0.00151871	-7.86729e-06	-0.000114392	0.00151772	-0.000111505	0.00141151
2.28	0.00152546	-7.89956e-06	-0.000114898	0.00152447	-0.000111998	0.00141776
2.29	0.00153221	-7.9318e-06	-0.000115403	0.00153122	-0.000112491	0.00142401
2.3	0.00153896	-7.964e-06	-0.000115908	0.00153796	-0.000112984	0.00143027
2.31	0.00154572	-7.99618e-06	-0.000116414	0.00154471	-0.000113477	0.00143652
2.32	0.00155247	-8.02832e-06	-0.000116919	0.00155146	-0.00011397	0.00144277
2.33	0.00155923	-8.06042e-06	-0.000117424	0.00155821	-0.000114463	0.00144903
2.34	0.00156598	-8.09249e-06	-0.00011793	0.00156496	-0.000114956	0.00145528
2.35	0.00157274	-8.12452e-06	-0.000118435	0.00157171	-0.000115449	0.00146154
2.36	0.00157949	-8.15653e-06	-0.000118941	0.00157847	-0.000115942	0.00146779
2.37	0.00158625	-8.18849e-06	-0.000119446	0.00158522	-0.000116436	0.00147405
2.38	0.00159301	-8.22042e-06	-0.000119952	0.00159197	-0.000116929	0.0014803
2.39	0.00159977	-8.25232e-06	-0.000120457	0.00159873	-0.000117422	0.00148656
2.4	0.00160653	-8.28418e-06	-0.000120963	0.00160549	-0.000117916	0.00149282
2.41	0.00161329	-8.31601e-06	-0.000121468	0.00161224	-0.000118409	0.00149907
2.42	0.00162005	-8.3478e-06	-0.000121974	0.001619	-0.000118902	0.00150533
2.43	0.00162682	-8.37955e-06	-0.000122479	0.00162576	-0.000119396	0.00151159
2.44	0.00163358	-8.41127e-06	-0.000122985	0.00163252	-0.000119889	0.00151785
2.45	0.00164035	-8.44296e-06	-0.00012349	0.00163928	-0.000120383	0.00152411
2.46	0.00164711	-8.4746e-06	-0.000123996	0.00164604	-0.000120876	0.00153037
2.47	0.00165388	-8.50621e-06	-0.000124502	0.0016528	-0.00012137	0.00153663
2.48	0.00166065	-8.53779e-06	-0.000125007	0.00165956	-0.000121863	0.00154289
2.49	0.00166741	-8.56933e-06	-0.000125513	0.00166633	-0.000122357	0.00154915
2.5	0.00167418	-8.60083e-06	-0.000126019	0.00167309	-0.00012285	0.00155541
2.51	0.00168095	-8.63229e-06	-0.000126524	0.00167986	-0.000123344	0.00156167
2.52	0.00168772	-8.66372e-06	-0.00012703	0.00168662	-0.000123838	0.00156794
2.53	0.0016945	-8.69511e-06	-0.000127536	0.00169339	-0.000124331	0.0015742
2.54	0.00170127	-8.72646e-06	-0.000128042	0.00170016	-0.000124825	0.00158046
2.55	0.00170804	-8.75777e-06	-0.000128548	0.00170693	-0.000125319	0.00158673
2.56	0.00171482	-8.78905e-06	-0.000129053	0.0017137	-0.000125812	0.00159299
2.57	0.00172159	-8.82028e-06	-0.000129559	0.00172047	-0.000126306	0.00159926
2.58	0.00172837	-8.85148e-06	-0.000130065	0.00172724	-0.0001268	0.00160552
2.59	0.00173514	-8.88265e-06	-0.000130571	0.00173401	-0.000127294	0.00161179
2.6	0.00174192	-8.91377e-06	-0.000131077	0.00174078	-0.000127788	0.00161805
2.61	0.0017487	-8.94485e-06	-0.000131583	0.00174756	-0.000128282	0.00162432
2.62	0.00175548	-8.9759e-06	-0.000132089	0.00175433	-0.000128775	0.00163059
2.63	0.00176226	-9.00691e-06	-0.000132595	0.00176111	-0.000129269	0.00163686
2.64	0.00176904	-9.03787e-06	-0.000133101	0.00176789	-0.000129763	0.00164312
2.65	0.00177583	-9.0688e-06	-0.000133607	0.00177466	-0.000130257	0.00164939
2.66	0.00178261	-9.09969e-06	-0.000134113	0.00178144	-0.000130751	0.00165566
2.67	0.00178939	-9.13054e-06	-0.000134619	0.00178822	-0.000131245	0.00166193
2.68	0.00179618	-9.16135e-06	-0.000135125	0.001795	-0.00013174	0.0016682
2.69	0.00180297	-9.19212e-06	-0.000135631	0.00180179	-0.000132234	0.00167447
2.7	0.00180975	-9.22285e-06	-0.000136137	0.00180857	-0.000132728	0.00168075
2.71	0.00181654	-9.25354e-06	-0.000136644	0.00181535	-0.000133222	0.00168702
2.72	0.00182333	-9.28419e-06	-0.00013715	0.00182214	-0.000133716	0.00169329
2.73	0.00183012	-9.31479e-06	-0.000137656	0.00182892	-0.00013421	0.00169956
2.74	0.00183691	-9.34536e-06	-0.000138162	0.00183571	-0.000134705	0.00170584
2.75	0.0018437	-9.37589e-06	-0.000138668	0.0018425	-0.000135199	0.00171211
2.76	0.0018505	-9.40637e-06	-0.000139175	0.00184928	-0.000135693	0.00171839
2.77	0.00185729	-9.43682e-06	-0.000139681	0.00185607	-0.000136187	0.00172466
2.78	0.00186408	-9.46722e-06	-0.000140187	0.00186286	-0.000136682	0.00173094
2.79	0.00187088	-9.49758e-06	-0.000140694	0.00186965	-0.000137176	0.00173721
2.8	0.00187768	-9.5279e-06	-0.0001412	0.00187645	-0.00013767	0.00174349
2.81	0.00188448	-9.55818e-06	-0.000141706	0.00188324	-0.000138165	0.00174977
2.82	0.00189127	-9.58841e-06	-0.000142213	0.00189003	-0.000138659	0.00175605
2.83	0.00189807	-9.6186e-06	-0.000142719	0.00189683	-0.000139154	0.00176233
2.84	0.00190488	-9.64876e-06	-0.000143226	0.00190362	-0.000139648	0.0017686
2.85	0.00191168	-9.67886e-06	-0.000143732	0.00191042	-0.000140143	0.00177488
2.86	0.00191848	-9.70893e-06	-0.000144239	0.00191722	-0.000140637	0.00178116
2.87	0.00192528	-9.73895e-06	-0.000144745	0.00192402	-0.000141132	0.00178745
2.88	0.00193209	-9.76893e-06	-0.000145252	0.00193082	-0.000141627	0.00179373
2.89	0.00193889	-9.79887e-06	-0.000145758	0.00193762	-0.000142121	0.00180001
2.9	0.0019457	-9.82876e-06	-0.000146265	0.00194442	-0.000142616	0.00180629
2.91	0.00195251	-9.85861e-06	-0.000146772	0.00195123	-0.00014311	0.00181257
2.92	0.00195932	-9.88841e-06	-0.000147278	0.00195803	-0.000143605	0.00181886
2.93	0.00196613	-9.91818e-06	-0.000147785	0.00196483	-0.0001441	0.00182514
2.94	0.00197294	-9.94789e-06	-0.000148292	0.00197164	-0.000144595	0.00183143
2.95	0.00197975	-9.97757e-06	-0.000148799	0.00197845	-0.000145089	0.00183771
2.96	0.00198656	-1.00072e-05	-0.000149305	0.00198526	-0.000145584	0.001844
2.97	0.00199338	-1.00368e-05	-0.000149812	0.00199207	-0.000146079	0.00185028
2.98	0.00200019	-1.00663e-05	-0.000150319	0.00199888	-0.000146574	0.00185657
2.99	0.00200701	-1.00958e-05	-0.000150826	0.00200569	-0.000147069	0.00186286
3	0.00201383	-1.01253e-05	-0.000151333	0.0020125	-0.000147564	0.00186915
3.01	0.00202064	-1.01547e-05	-0.00015184	0.00201931	-0.000148059	0.00187544
3.02	0.00202746	-1.0184e-05	-0.000152346	0.00202613	-0.000148553	0.00188172
3.03	0.00203428	-1.02133e-05	-0.000152853	0.00203294	-0.000149048	0.00188801
3.04	0.00204111	-1.02426e-05	-0.00015336	0.00203976	-0.000149543	0.0018943
3.05	0.00204793	-1.02718e-05	-0.000153867	0.00204658	-0.000150038	0.0019006
3.06	0.00205475	-1.0301e-05	-0.000154374	0.0020534	-0.000150533	0.00190689
3.07	0.00206158	-1.03301e-05	-0.000154881	0.00206022	-0.000151029	0.00191318
3.08	0.0020684	-1.03592e-05	-0.000155389	0.00206704	-0.000151524	0.00191947
3.09	0.00207523	-1.03883e-05	-0.000155896	0.00207386	-0.000152019	0.00192577
3.1	0.00208206	-1.04173e-05	-0.000156403	0.00208068	-0.000152514	0.00193206
3.11	0.00208888	-1.04462e-05	-0.00015691	0.0020875	-0.000153009	0.00193835
3.12	0.00209571	-1.04751e-05	-0.000157417	0.00209433	-0.000153504	0.00194465
3.13	0.00210255	-1.0504e-05	-0.000157924	0.00210116	-0.000153999	0.00195095
3.14	0.00210938	-1.05328e-05	-0.000158432	0.00210798	-0.000154495	0.00195724
3.15	0.00211621	-1.05615e-05	-0.000158939	0.00211481	-0.00015499	0.00196354
3.16	0.00212305	-1.05902e-05	-0.000159446	0.00212164	-0.000155485	0.00196984
3.17	0.00212988	-1.06189e-05	-0.000159954	0.00212847	-0.00015598	0.00197614
3.18	0.00213672	-1.06475e-05	-0.000160461	0.0021353	-0.000156476	0.00198243
3.19	0.00214356	-1.06761e-05	-0.000160968	0.00214214	-0.000156971	0.00198873
3.2	0.00215039	-1.07046e-05	-0.000161476	0.00214897	-0.000157466	0.00199503
3.21	0.00215723	-1.07331e-05	-0.000161983	0.00215581	-0.000157962	0.00200133
3.22	0.00216408	-1.07615e-05	-0.000162491	0.00216264	-0.000158457	0.00200764
3.23	0.00217092	-1.07899e-05	-0.000162998	0.00216948	-0.000158953	0.00201394
3.24	0.00217776	-1.08182e-05	-0.000163506	0.00217632	-0.000159448	0.00202024
3.25	0.00218461	-1.08465e-05	-0.000164013	0.00218316	-0.000159943	0.00202654
3.26	0.00219145	-1.08747e-05	-0.000164521	0.00219	-0.000160439	0.00203285
3.27	0.0021983	-1.09029e-05	-0.000165028	0.00219684	-0.000160934	0.00203915
3.28	0.00220515	-1.0931e-05	-0.000165536	0.00220368	-0.00016143	0.00204546
3.29	0.002212	-1.09591e-05	-0.000166044	0.00221053	-0.000161926	0.00205176
3.3	0.00221885	-1.09871e-05	-0.000166551	0.00221737	-0.000162421	0.00205807
3.31	0.0022257	-1.10151e-05	-0.000167059	0.00222422	-0.000162917	0.00206438
3.32	0.00223255	-1.1043e-05	-0.000167567	0.00223106	-0.000163412	0.00207068
3.33	0.0022394	-1.10709e-05	-0.000168075	0.00223791	-0.000163908	0.00207699
3.34	0.00224626	-1.10987e-05	-0.000168582	0.00224476	-0.000164404	0.0020833
3.35	0.00225311	-1.11265e-05	-0.00016909	0.00225161	-0.000164899	0.00208961
3.36	0.00225997	-1.11542e-05	-0.000169598	0.00225847	-0.000165395	0.00209592
3.37	0.00226683	-1.11819e-05	-0.000170106	0.00226532	-0.000165891	0.00210223
3.38	0.00227369	-1.12095e-05	-0.000170614	0.00227217	-0.000166386	0.00210854
3.39	0.00228055	-1.12371e-05	-0.000171122	0.00227903	-0.000166882	0.00211486
3.4	0.00228741	-1.12646e-05	-0.00017163	0.00228589	-0.000167378	0.00212117
3.41	0.00229428	-1.12921e-05	-0.000172138	0.00229275	-0.000167874	0.00212748
3.42	0.00230114	-1.13195e-05	-0.000172646	0.0022996	-0.00016837	0.0021338
3.43	0.00230801	-1.13469e-05	-0.000173154	0.00230646	-0.000168866	0.00214011
3.44	0.00231487	-1.13742e-05	-0.000173662	0.00231333	-0.000169361	0.00214643
3.45	0.00232174	-1.14015e-05	-0.00017417	0.00232019	-0.000169857	0.00215275
3.46	0.00232861	-1.14287e-05	-0.000174679	0.00232705	-0.000170353	0.00215906
3.47	0.00233548	-1.14558e-05	-0.000175187	0.00233392	-0.000170849	0.00216538
3.48	0.00234235	-1.14829e-05	-0.000175695	0.00234079	-0.000171345	0.0021717
3.49	0.00234923	-1.151e-05	-0.000176203	0.00234765	-0.000171841	0.00217802
3.5	0.0023561	-1.1537e-05	-0.000176712	0.00235452	-0.000172337	0.00218434
3.51	0.00236297	-1.15639e-05	-0.00017722	0.00236139	-0.000172833	0.00219066
3.52	0.00236985	-1.15908e-05	-0.000177728	0.00236826	-0.000173329	0.00219698
3.53	0.00237673	-1.16177e-05	-0.000178237	0.00237514	-0.000173825	0.0022033
3.54	0.00238361	-1.16445e-05	-0.000178745	0.00238201	-0.000174321	0.00220962
3.55	0.00239049	-1.16712e-05	-0.000179253	0.00238888	-0.000174817	0.00221595
3.56	0.00239737	-1.16979e-05	-0.000179762	0.00239576	-0.000175313	0.00222227
3.57	0.00240425	-1.17245e-05	-0.00018027	0.00240264	-0.00017581	0.00222859
3.58	0.00241114	-1.17511e-05	-0.000180779	0.00240952	-0.000176306	0.00223492
3.59	0.00241802	-1.17776e-05	-0.000181288	0.0024164	-0.000176802	0.00224125
3.6	0.00242491	-1.18041e-05	-0.000181796	0.00242328	-0.000177298	0.00224757
3.61	0.0024318	-1.18305e-05	-0.000182305	0.00243016	-0.000177794	0.0022539
3.62	0.00243869	-1.18568e-05	-0.000182813	0.00243705	-0.00017829	0.00226023
3.63	0.00244558	-1.18831e-05	-0.000183322	0.00244393	-0.000178787	0.00226656
3.64	0.00245247	-1.19094e-05	-0.000183831	0.00245082	-0.000179283	0.00227289
3.65	0.00245936	-1.19356e-05	-0.00018434	0.0024577	-0.000179779	0.00227922
3.66	0.00246626	-1.19617e-05	-0.000184848	0.00246459	-0.000180276	0.00228555
3.67	0.00247315	-1.19878e-05	-0.000185357	0.00247148	-0.000180772	0.00229188
3.68	0.00248005	-1.20138e-05	-0.000185866	0.00247838	-0.000181268	0.00229821
3.69	0.00248695	-1.20398e-05	-0.000186375	0.00248527	-0.000181765	0.00230454
3.7	0.00249385	-1.20657e-05	-0.000186884	0.00249216	-0.000182261	0.00231088
3.71	0.00250075	-1.20916e-05	-0.000187393	0.00249906	-0.000182757	0.00231721
3.72	0.00250765	-1.21174e-05	-0.000187902	0.00250595	-0.000183254	0.00232355
3.73	0.00251455	-1.21431e-05	-0.000188411	0.00251285	-0.00018375	0.00232988
3.74	0.00252146	-1.21688e-05	-0.00018892	0.00251975	-0.000184247	0.00233622
3.75	0.00252836	-1.21944e-05	-0.000189429	0.00252665	-0.000184743	0.00234256
3.76	0.00253527	-1.222e-05	-0.000189938	0.00253355	-0.00018524	0.0023489
3.77	0.00254218	-1.22455e-05	-0.000190447	0.00254046	-0.000185736	0.00235523
3.78	0.00254909	-1.2271e-05	-0.000190956	0.00254736	-0.000186233	0.00236157
3.79	0.002556	-1.22964e-05	-0.000191466	0.00255427	-0.000186729	0.00236791
3.8	0.00256292	-1.23217e-05	-0.000191975	0.00256118	-0.000187226	0.00237426
3.81	0.00256983	-1.2347e-05	-0.000192484	0.00256808	-0.000187722	0.0023806
3.82	0.00257675	-1.23722e-05	-0.000192993	0.00257499	-0.000188219	0.00238694
3.83	0.00258366	-1.23974e-05	-0.000193503	0.00258191	-0.000188715	0.00239328
3.84	0.00259058	-1.24225e-05	-0.000194012	0.00258882	-0.000189212	0.00239963
3.85	0.0025975	-1.24476e-05	-0.000194521	0.00259573	-0.000189709	0.00240597
3.86	0.00260442	-1.24725e-05	-0.000195031	0.00260265	-0.000190205	0.00241232
3.87	0.00261134	-1.24975e-05	-0.00019554	0.00260956	-0.000190702	0.00241867
3.88	0.00261827	-1.25224e-05	-0.00019605	0.00261648	-0.000191199	0.00242501
3.89	0.00262519	-1.25472e-05	-0.000196559	0.0026234	-0.000191696	0.00243136
3.9	0.00263212	-1.25719e-05	-0.000197069	0.00263032	-0.000192192	0.00243771
3.91	0.00263905	-1.25966e-05	-0.000197578	0.00263725	-0.000192689	0.00244406
3.92	0.00264598	-1.26213e-05	-0.000198088	0.00264417	-0.000193186	0.00245041
3.93	0.00265291	-1.26459e-05	-0.000198598	0.00265109	-0.000193683	0.00245676
3.94	0.00265984	-1.26704e-05	-0.000199107	0.00265802	-0.00019418	0.00246311
3.95	0.00266677	-1.26948e-05	-0.000199617	0.00266495	-0.000194676	0.00246946
3.96	0.00267371	-1.27192e-05	-0.000200127	0.00267188	-0.000195173	0.00247582
3.97	0.00268064	-1.27436e-05	-0.000200637	0.00267881	-0.00019567	0.00248217
3.98	0.00268758	-1.27679e-05	-0.000201146	0.00268574	-0.000196167	0.00248853
3.99	0.00269452	-1.27921e-05	-0.000201656	0.00269267	-0.000196664	0.00249488
4	0.00270146	-1.28162e-05	-0.000202166	0.00269961	-0.000197161	0.00250124
4.01	0.0027084	-1.28403e-05	-0.000202676	0.00270654	-0.000197658	0.0025076
4.02	0.00271535	-1.28644e-05	-0.000203186	0.00271348	-0.000198155	0.00251395
4.03	0.00272229	-1.28884e-05	-0.000203696	0.00272042	-0.000198652	0.00252031
4.04	0.00272924	-1.29123e-05	-0.000204206	0.00272736	-0.000199149	0.00252667
4.05	0.00273619	-1.29362e-05	-0.000204716	0.0027343	-0.000199646	0.00253303
4.06	0.00274314	-1.29601e-05	-0.000205226	0.00274125	-0.000200143	0.0025394
4.07	0.00275009	-1.29838e-05	-0.000205736	0.00274819	-0.00020064	0.00254576
4.08	0.00275704	-1.30076e-05	-0.000206246	0.00275514	-0.000201137	0.00255212
4.09	0.002764	-1.30313e-05	-0.000206756	0.00276209	-0.000201634	0.00255849
4.1	0.00277095	-1.30549e-05	-0.000207266	0.00276904	-0.000202131	0.00256485
4.11	0.00277791	-1.30785e-05	-0.000207776	0.00277599	-0.000202628	0.00257122
4.12	0.00278487	-1.3102e-05	-0.000208286	0.00278294	-0.000203125	0.00257758
4.13	0.00279183	-1.31255e-05	-0.000208796	0.0027899	-0.000203622	0.00258395
4.14	0.00279879	-1.31489e-05	-0.000209306	0.00279685	-0.000204119	0.00259032
4.15	0.00280575	-1.31723e-05	-0.000209816	0.00280381	-0.000204616	0.00259669
4.16	0.00281272	-1.31956e-05	-0.000210326	0.00281077	-0.000205113	0.00260306
4.17	0.00281968	-1.32188e-05	-0.000210836	0.00281773	-0.00020561	0.00260943
4.18	0.00282665	-1.3242e-05	-0.000211346	0.00282469	-0.000206108	0.0026158
4.19	0.00283362	-1.32652e-05	-0.000211856	0.00283165	-0.000206605	0.00262217
4.2	0.00284059	-1.32883e-05	-0.000212366	0.00283862	-0.000207102	0.00262854
4.21	0.00284756	-1.33113e-05	-0.000212876	0.00284559	-0.000207599	0.00263492
4.22	0.00285454	-1.33343e-05	-0.000213386	0.00285255	-0.000208096	0.00264129
4.23	0.00286151	-1.33572e-05	-0.000213896	0.00285952	-0.000208593	0.00264767
4.24	0.00286849	-1.33801e-05	-0.000214407	0.00286649	-0.000209091	0.00265405
4.25	0.00287547	-1.34029e-05	-0.000214917	0.00287347	-0.000209588	0.00266042
4.26	0.00288245	-1.34257e-05	-0.000215427	0.00288044	-0.000210085	0.0026668
4.27	0.00288943	-1.34484e-05	-0.000215937	0.00288742	-0.000210582	0.00267318
4.28	0.00289642	-1.3471e-05	-0.000216447	0.0028944	-0.000211079	0.00267956
4.29	0.0029034	-1.34936e-05	-0.000216957	0.00290137	-0.000211577	0.00268594
4.3	0.00291039	-1.35161e-05	-0.000217468	0.00290836	-0.000212074	0.00269233
4.31	0.00291738	-1.35386e-05	-0.000217978	0.00291534	-0.000212571	0.00269871
4.32	0.00292437	-1.3561e-05	-0.000218488	0.00292232	-0.000213069	0.00270509
4.33	0.00293136	-1.35834e-05	-0.000218998	0.00292931	-0.000213566	0.00271148
4.34	0.00293835	-1.36057e-05	-0.000219509	0.00293629	-0.000214063	0.00271786
4.35	0.00294535	-1.36279e-05	-0.000220019	0.00294328	-0.000214561	0.00272425
4.36	0.00295234	-1.36501e-05	-0.000220529	0.00295027	-0.000215058	0.00273064
4.37	0.00295934	-1.36722e-05	-0.000221039	0.00295727	-0.000215555	0.00273702
4.38	0.00296634	-1.36943e-05	-0.00022155	0.00296426	-0.000216053	0.00274341
4.39	0.00297334	-1.37163e-05	-0.00022206	0.00297125	-0.00021655	0.0027498
4.4	0.00298035	-1.37382e-05	-0.00022257	0.00297825	-0.000217047	0.00275619
4.41	0.00298735	-1.37601e-05	-0.000223081	0.00298525	-0.000217545	0.00276259
4.42	0.00299436	-1.3782e-05	-0.000223591	0.00299225	-0.000218042	0.00276898
4.43	0.00300137	-1.38037e-05	-0.000224102	0.00299925	-0.00021854	0.00277537
4.44	0.00300838	-1.38254e-05	-0.000224612	0.00300625	-0.000219037	0.00278177
4.45	0.00301539	-1.38471e-05	-0.000225122	0.00301326	-0.000219535	0.00278816
4.46	0.0030224	-1.38686e-05	-0.000225633	0.00302027	-0.000220032	0.00279456
4.47	0.00302941	-1.38902e-05	-0.000226143	0.00302728	-0.00022053	0.00280096
4.48	0.00303643	-1.39116e-05	-0.000226654	0.00303429	-0.000221027	0.00280735
4.49	0.00304345	-1.3933e-05	-0.000227164	0.0030413	-0.000221525	0.00281375
4.5	0.00305047	-1.39544e-05	-0.000227675	0.00304831	-0.000222022	0.00282015
4.51	0.00305749	-1.39756e-05	-0.000228185	0.00305533	-0.00022252	0.00282655
4.52	0.00306451	-1.39968e-05	-0.000228696	0.00306234	-0.000223017	0.00283296
4.53	0.00307154	-1.4018e-05	-0.000229206	0.00306936	-0.000223515	0.00283936
4.54	0.00307856	-1.4039e-05	-0.000229717	0.00307638	-0.000224012	0.00284576
4.55	0.00308559	-1.40601e-05	-0.000230227	0.0030834	-0.00022451	0.00285217
4.56	0.00309262	-1.4081e-05	-0.000230738	0.00309043	-0.000225008	0.00285857
4.57	0.00309965	-1.41019e-05	-0.000231248	0.00309745	-0.000225505	0.00286498
4.58	0.00310669	-1.41227e-05	-0.000231759	0.00310448	-0.000226003	0.00287139
4.59	0.00311372	-1.41435e-05	-0.00023227	0.00311151	-0.000226501	0.0028778
4.6	0.00312076	-1.41642e-05	-0.00023278	0.00311854	-0.000226998	0.00288421
4.61	0.0031278	-1.41848e-05	-0.000233291	0.00312557	-0.000227496	0.00289062
4.62	0.00313484	-1.42053e-05	-0.000233802	0.0031326	-0.000227994	0.00289703
4.63	0.00314188	-1.42258e-05	-0.000234312	0.00313964	-0.000228492	0.00290344
4.64	0.00314892	-1.42462e-05	-0.000234823	0.00314667	-0.000228989	0.00290985
4.65	0.00315597	-1.42666e-05	-0.000235334	0.00315371	-0.000229487	0.00291627
4.66	0.00316302	-1.42869e-05	-0.000235844	0.00316075	-0.000229985	0.00292268
4.67	0.00317006	-1.43071e-05	-0.000236355	0.0031678	-0.000230483	0.0029291
4.68	0.00317712	-1.43272e-05	-0.000236866	0.00317484	-0.000230981	0.00293551
4.69	0.00318417	-1.43473e-05	-0.000237377	0.00318189	-0.000231479	0.00294193
4.7	0.00319122	-1.43673e-05	-0.000237888	0.00318893	-0.000231977	0.00294835
4.71	0.00319828	-1.43873e-05	-0.000238398	0.00319598	-0.000232474	0.00295477
4.72	0.00320534	-1.44071e-05	-0.000238909	0.00320303	-0.000232972	0.00296119
4.73	0.00321239	-1.44269e-05	-0.00023942	0.00321009	-0.00023347	0.00296761
4.74	0.00321946	-1.44467e-05	-0.000239931	0.00321714	-0.000233968	0.00297404
4.75	0.00322652	-1.44663e-05	-0.000240442	0.0032242	-0.000234466	0.00298046
4.76	0.00323358	-1.44859e-05	-0.000240953	0.00323126	-0.000234964	0.00298688
4.77	0.00324065	-1.45054e-05	-0.000241464	0.00323832	-0.000235462	0.00299331
4.78	0.00324772	-1.45249e-05	-0.000241975	0.00324538	-0.00023596	0.00299974
4.79	0.00325479	-1.45443e-05	-0.000242486	0.00325244	-0.000236458	0.00300616
4.8	0.00326186	-1.45636e-05	-0.000242997	0.00325951	-0.000236957	0.00301259
4.81	0.00326893	-1.45828e-05	-0.000243508	0.00326657	-0.000237455	0.00301902
4.82	0.00327601	-1.46019e-05	-0.000244019	0.00327364	-0.000237953	0.00302545
4.83	0.00328309	-1.4621e-05	-0.00024453	0.00328071	-0.000238451	0.00303188
4.84	0.00329017	-1.464e-05	-0.000245041	0.00328779	-0.000238949	0.00303832
4.85	0.00329725	-1.46589e-05	-0.000245552	0.00329486	-0.000239447	0.00304475
4.86	0.00330433	-1.46778e-05	-0.000246064	0.00330194	-0.000239946	0.00305118
4.87	0.00331142	-1.46966e-05	-0.000246575	0.00330901	-0.000240444	0.00305762
4.88	0.0033185	-1.47153e-05	-0.000247086	0.00331609	-0.000240942	0.00306406
4.89	0.00332559	-1.47339e-05	-0.000247597	0.00332318	-0.00024144	0.00307049
4.9	0.00333268	-1.47524e-05	-0.000248109	0.00333026	-0.000241939	0.00307693
4.91	0.00333977	-1.47709e-05	-0.00024862	0.00333734	-0.000242437	0.00308337
4.92	0.00334687	-1.47893e-05	-0.000249131	0.00334443	-0.000242936	0.00308981
4.93	0.00335396	-1.48076e-05	-0.000249643	0.00335152	-0.000243434	0.00309625
4.94	0.00336106	-1.48258e-05	-0.000250154	0.00335861	-0.000243932	0.0031027
4.95	0.00336816	-1.4844e-05	-0.000250665	0.0033657	-0.000244431	0.00310914
4.96	0.00337526	-1.48621e-05	-0.000251177	0.0033728	-0.000244929	0.00311558
4.97	0.00338236	-1.48801e-05	-0.000251688	0.00337989	-0.000245428	0.00312203
4.98	0.00338947	-1.4898e-05	-0.0002522	0.00338699	-0.000245926	0.00312848
4.99	0.00339657	-1.49158e-05	-0.000252711	0.00339409	-0.000246425	0.00313492
5	0.00340368	-1.49336e-05	-0.000253223	0.00340119	-0.000246923	0.00314137
5.01	0.00341079	-1.49513e-05	-0.000253734	0.0034083	-0.000247422	0.00314782
5.02	0.00341791	-1.49689e-05	-0.000254246	0.0034154	-0.000247921	0.00315427
5.03	0.00342502	-1.49864e-05	-0.000254758	0.00342251	-0.000248419	0.00316072
5.04	0.00343214	-1.50038e-05	-0.000255269	0.00342962	-0.000248918	0.00316718
5.05	0.00343926	-1.50212e-05	-0.000255781	0.00343673	-0.000249417	0.00317363
5.06	0.00344638	-1.50384e-05	-0.000256293	0.00344384	-0.000249915	0.00318008
5.07	0.0034535	-1.50556e-05	-0.000256804	0.00345096	-0.000250414	0.00318654
5.08	0.00346062	-1.50727e-05	-0.000257316	0.00345808	-0.000250913	0.003193
5.09	0.00346775	-1.50897e-05	-0.000257828	0.00346519	-0.000251412	0.00319945
5.1	0.00347488	-1.51067e-05	-0.00025834	0.00347231	-0.000251911	0.00320591
5.11	0.00348201	-1.51235e-05	-0.000258852	0.00347944	-0.00025241	0.00321237
5.12	0.00348914	-1.51403e-05	-0.000259364	0.00348656	-0.000252909	0.00321883
5.13	0.00349627	-1.51569e-05	-0.000259876	0.00349369	-0.000253407	0.0032253
5.14	0.00350341	-1.51735e-05	-0.000260388	0.00350082	-0.000253906	0.00323176
5.15	0.00351054	-1.519e-05	-0.0002609	0.00350795	-0.000254405	0.00323822
5.16	0.00351768	-1.52064e-05	-0.000261412	0.00351508	-0.000254905	0.00324469
5.17	0.00352482	-1.52228e-05	-0.000261924	0.00352221	-0.000255404	0.00325115
5.18	0.00353197	-1.5239e-05	-0.000262436	0.00352935	-0.000255903	0.00325762
5.19	0.00353911	-1.52551e-05	-0.000262948	0.00353649	-0.000256402	0.00326409
5.2	0.00354626	-1.52712e-05	-0.00026346	0.00354363	-0.000256901	0.00327056
5.21	0.00355341	-1.52872e-05	-0.000263972	0.00355077	-0.0002574	0.00327703
5.22	0.00356056	-1.5303e-05	-0.000264485	0.00355791	-0.000257899	0.0032835
5.23	0.00356771	-1.53188e-05	-0.000264997	0.00356506	-0.000258399	0.00328997
5.24	0.00357487	-1.53345e-05	-0.000265509	0.00357221	-0.000258898	0.00329645
5.25	0.00358203	-1.53501e-05	-0.000266021	0.00357936	-0.000259397	0.00330292
5.26	0.00358918	-1.53657e-05	-0.000266534	0.00358651	-0.000259897	0.0033094
5.27	0.00359635	-1.53811e-05	-0.000267046	0.00359366	-0.000260396	0.00331587
5.28	0.00360351	-1.53964e-05	-0.000267559	0.00360082	-0.000260895	0.00332235
5.29	0.00361067	-1.54117e-05	-0.000268071	0.00360797	-0.000261395	0.00332883
5.3	0.00361784	-1.54268e-05	-0.000268584	0.00361513	-0.000261894	0.00333531
5.31	0.00362501	-1.54419e-05	-0.000269096	0.0036223	-0.000262394	0.00334179
5.32	0.00363218	-1.54568e-05	-0.000269609	0.00362946	-0.000262893	0.00334827
5.33	0.00363935	-1.54717e-05	-0.000270122	0.00363663	-0.000263393	0.00335476
5.34	0.00364653	-1.54865e-05	-0.000270634	0.00364379	-0.000263893	0.00336124
5.35	0.00365371	-1.55012e-05	-0.000271147	0.00365096	-0.000264392	0.00336773
5.36	0.00366088	-1.55157e-05	-0.00027166	0.00365813	-0.000264892	0.00337421
5.37	0.00366807	-1.55302e-05	-0.000272173	0.00366531	-0.000265392	0.0033807
5.38	0.00367525	-1.55446e-05	-0.000272685	0.00367248	-0.000265892	0.00338719
5.39	0.00368243	-1.55589e-05	-0.000273198	0.00367966	-0.000266391	0.00339368
5.4	0.00368962	-1.55731e-05	-0.000273711	0.00368684	-0.000266891	0.00340017
5.41	0.00369681	-1.55872e-05	-0.000274224	0.00369402	-0.000267391	0.00340666
5.42	0.003704	-1.56012e-05	-0.000274737	0.00370121	-0.000267891	0.00341315
5.43	0.0037112	-1.56151e-05	-0.00027525	0.00370839	-0.000268391	0.00341965
5.44	0.00371839	-1.56289e-05	-0.000275763	0.00371558	-0.000268891	0.00342614
5.45	0.00372559	-1.56426e-05	-0.000276276	0.00372277	-0.000269391	0.00343264
5.46	0.00373279	-1.56562e-05	-0.00027679	0.00372996	-0.000269891	0.00343914
5.47	0.00373999	-1.56697e-05	-0.000277303	0.00373716	-0.000270391	0.00344563
5.48	0.00374719	-1.56831e-05	-0.000277816	0.00374435	-0.000270891	0.00345213
5.49	0.0037544	-1.56964e-05	-0.000278329	0.00375155	-0.000271391	0.00345863
5.5	0.00376161	-1.57097e-05	-0.000278843	0.00375875	-0.000271892	0.00346514
5.51	0.00376882	-1.57228e-05	-0.000279356	0.00376595	-0.000272392	0.00347164
5.52	0.00377603	-1.57358e-05	-0.000279869	0.00377316	-0.000272892	0.00347814
5.53	0.00378324	-1.57487e-05	-0.000280383	0.00378036	-0.000273392	0.00348465
5.54	0.00379046	-1.57615e-05	-0.000280896	0.00378757	-0.000273893	0.00349115
5.55	0.00379768	-1.57742e-05	-0.00028141	0.00379478	-0.000274393	0.00349766
5.56	0.0038049	-1.57867e-05	-0.000281924	0.00380199	-0.000274894	0.00350417
5.57	0.00381212	-1.57992e-05	-0.000282437	0.00380921	-0.000275394	0.00351068
5.58	0.00381935	-1.58116e-05	-0.000282951	0.00381643	-0.000275895	0.00351719
5.59	0.00382657	-1.58239e-05	-0.000283465	0.00382364	-0.000276395	0.0035237
5.6	0.0038338	-1.58361e-05	-0.000283978	0.00383087	-0.000276896	0.00353022
5.61	0.00384103	-1.58481e-05	-0.000284492	0.00383809	-0.000277396	0.00353673
5.62	0.00384827	-1.58601e-05	-0.000285006	0.00384531	-0.000277897	0.00354325
5.63	0.0038555	-1.5872e-05	-0.00028552	0.00385254	-0.000278398	0.00354976
5.64	0.00386274	-1.58837e-05	-0.000286034	0.00385977	-0.000278898	0.00355628
5.65	0.00386998	-1.58954e-05	-0.000286548	0.003867	-0.000279399	0.0035628
5.66	0.00387722	-1.59069e-05	-0.000287062	0.00387424	-0.0002799	0.00356932
5.67	0.00388446	-1.59183e-05	-0.000287576	0.00388147	-0.000280401	0.00357584
5.68	0.00389171	-1.59297e-05	-0.00028809	0.00388871	-0.000280902	0.00358236
5.69	0.00389896	-1.59409e-05	-0.000288604	0.00389595	-0.000281403	0.00358888
5.7	0.00390621	-1.5952e-05	-0.000289119	0.00390319	-0.000281904	0.00359541
5.71	0.00391346	-1.5963e-05	-0.000289633	0.00391044	-0.000282405	0.00360193
5.72	0.00392072	-1.59739e-05	-0.000290147	0.00391769	-0.000282906	0.00360846
5.73	0.00392797	-1.59846e-05	-0.000290662	0.00392493	-0.000283407	0.00361499
5.74	0.00393523	-1.59953e-05	-0.000291176	0.00393219	-0.000283908	0.00362152
5.75	0.00394249	-1.60059e-05	-0.00029169	0.00393944	-0.000284409	0.00362805
5.76	0.00394976	-1.60163e-05	-0.000292205	0.00394669	-0.00028491	0.00363458
5.77	0.00395702	-1.60267e-05	-0.00029272	0.00395395	-0.000285412	0.00364111
5.78	0.00396429	-1.60369e-05	-0.000293234	0.00396121	-0.000285913	0.00364765
5.79	0.00397156	-1.6047e-05	-0.000293749	0.00396847	-0.000286414	0.00365418
5.8	0.00397883	-1.6057e-05	-0.000294263	0.00397574	-0.000286916	0.00366072
5.81	0.00398611	-1.60669e-05	-0.000294778	0.003983	-0.000287417	0.00366726
5.82	0.00399339	-1.60767e-05	-0.000295293	0.00399027	-0.000287918	0.00367379
5.83	0.00400066	-1.60863e-05	-0.000295808	0.00399754	-0.00028842	0.00368033
5.84	0.00400795	-1.60959e-05	-0.000296323	0.00400482	-0.000288921	0.00368687
5.85	0.00401523	-1.61053e-05	-0.000296838	0.00401209	-0.000289423	0.00369342
5.86	0.00402252	-1.61147e-05	-0.000297353	0.00401937	-0.000289925	0.00369996
5.87	0.0040298	-1.61239e-05	-0.000297868	0.00402665	-0.000290426	0.0037065
5.88	0.00403709	-1.6133e-05	-0.000298383	0.00403393	-0.000290928	0.00371305
5.89	0.00404439	-1.6142e-05	-0.000298898	0.00404122	-0.00029143	0.0037196
5.9	0.00405168	-1.61508e-05	-0.000299413	0.0040485	-0.000291931	0.00372614
5.91	0.00405898	-1.61596e-05	-0.000299928	0.00405579	-0.000292433	0.00373269
5.92	0.00406628	-1.61682e-05	-0.000300443	0.00406308	-0.000292935	0.00373924
5.93	0.00407358	-1.61767e-05	-0.000300959	0.00407038	-0.000293437	0.0037458
5.94	0.00408088	-1.61851e-05	-0.000301474	0.00407767	-0.000293939	0.00375235
5.95	0.00408819	-1.61934e-05	-0.00030199	0.00408497	-0.000294441	0.0037589
5.96	0.0040955	-1.62016e-05	-0.000302505	0.00409227	-0.000294943	0.00376546
5.97	0.00410281	-1.62096e-05	-0.00030302	0.00409957	-0.000295445	0.00377201
5.98	0.00411012	-1.62176e-05	-0.000303536	0.00410688	-0.000295947	0.00377857
5.99	0.00411744	-1.62254e-05	-0.000304052	0.00411418	-0.000296449	0.00378513
6	0.00412476	-1.62331e-05	-0.000304567	0.00412149	-0.000296951	0.00379169
6.01	0.00413208	-1.62407e-05	-0.000305083	0.00412881	-0.000297454	0.00379825
6.02	0.0041394	-1.62481e-05	-0.000305599	0.00413612	-0.000297956	0.00380482
6.03	0.00414672	-1.62555e-05	-0.000306114	0.00414344	-0.000298458	0.00381138
6.04	0.00415405	-1.62627e-05	-0.00030663	0.00415075	-0.00029896	0.00381794
6.05	0.00416138	-1.62698e-05	-0.000307146	0.00415808	-0.000299463	0.00382451
6.06	0.00416871	-1.62768e-05	-0.000307662	0.0041654	-0.000299965	0.00383108
6.07	0.00417605	-1.62837e-05	-0.000308178	0.00417272	-0.000300467	0.00383765
6.08	0.00418338	-1.62904e-05	-0.000308694	0.00418005	-0.00030097	0.00384422
6.09	0.00419072	-1.62971e-05	-0.00030921	0.00418738	-0.000301472	0.00385079
6.1	0.00419806	-1.63036e-05	-0.000309726	0.00419472	-0.000301975	0.00385736
6.11	0.00420541	-1.631e-05	-0.000310243	0.00420205	-0.000302477	0.00386394
6.12	0.00421275	-1.63163e-05	-0.000310759	0.00420939	-0.00030298	0.00387051
6.13	0.0042201	-1.63224e-05	-0.000311275	0.00421673	-0.000303483	0.00387709
6.14	0.00422745	-1.63285e-05	-0.000311791	0.00422407	-0.000303985	0.00388366
6.15	0.00423481	-1.63344e-05	-0.000312308	0.00423141	-0.000304488	0.00389024
6.16	0.00424216	-1.63402e-05	-0.000312824	0.00423876	-0.000304991	0.00389682
6.17	0.00424952	-1.63458e-05	-0.000313341	0.00424611	-0.000305494	0.00390341
6.18	0.00425688	-1.63514e-05	-0.000313857	0.00425346	-0.000305996	0.00390999
6.19	0.00426424	-1.63568e-05	-0.000314374	0.00426082	-0.000306499	0.00391657
6.2	0.00427161	-1.63621e-05	-0.000314891	0.00426817	-0.000307002	0.00392316
6.21	0.00427898	-1.63673e-05	-0.000315407	0.00427553	-0.000307505	0.00392974
6.22	0.00428635	-1.63724e-05	-0.000315924	0.00428289	-0.000308008	0.00393633
6.23	0.00429372	-1.63773e-05	-0.000316441	0.00429026	-0.000308511	0.00394292
6.24	0.0043011	-1.63821e-05	-0.000316958	0.00429762	-0.000309014	0.00394951
6.25	0.00430847	-1.63868e-05	-0.000317474	0.00430499	-0.000309517	0.0039561
6.26	0.00431585	-1.63914e-05	-0.000317991	0.00431236	-0.00031002	0.0039627
6.27	0.00432324	-1.63958e-05	-0.000318508	0.00431974	-0.000310523	0.00396929
6.28	0.00433062	-1.64001e-05	-0.000319025	0.00432711	-0.000311026	0.00397589
6.29	0.00433801	-1.64043e-05	-0.000319542	0.00433449	-0.000311529	0.00398248
6.3	0.0043454	-1.64084e-05	-0.00032006	0.00434187	-0.000312032	0.00398908
6.31	0.00435279	-1.64124e-05	-0.000320577	0.00434925	-0.000312535	0.00399568
6.32	0.00436018	-1.64162e-05	-0.000321094	0.00435664	-0.000313039	0.00400228
6.33	0.00436758	-1.64199e-05	-0.000321611	0.00436403	-0.000313542	0.00400888
6.34	0.00437498	-1.64234e-05	-0.000322128	0.00437142	-0.000314045	0.00401549
6.35	0.00438238	-1.64269e-05	-0.000322646	0.00437881	-0.000314549	0.00402209
6.36	0.00438979	-1.64302e-05	-0.000323163	0.00438621	-0.000315052	0.0040287
6.37	0.0043972	-1.64334e-05	-0.000323681	0.00439361	-0.000315555	0.00403531
6.38	0.00440461	-1.64365e-05	-0.000324198	0.00440101	-0.000316059	0.00404192
6.39	0.00441202	-1.64394e-05	-0.000324716	0.00440841	-0.000316562	0.00404853
6.4	0.00441943	-1.64423e-05	-0.000325233	0.00441582	-0.000317066	0.00405514
6.41	0.00442685	-1.6445e-05	-0.000325751	0.00442322	-0.000317569	0.00406175
6.42	0.00443427	-1.64475e-05	-0.000326268	0.00443063	-0.000318073	0.00406836
6.43	0.00444169	-1.645e-05	-0.000326786	0.00443805	-0.000318576	0.00407498
6.44	0.00444912	-1.64523e-05	-0.000327304	0.00444546	-0.00031908	0.0040816
6.45	0.00445655	-1.64545e-05	-0.000327822	0.00445288	-0.000319583	0.00408822
6.46	0.00446398	-1.64565e-05	-0.000328339	0.0044603	-0.000320087	0.00409483
6.47	0.00447141	-1.64585e-05	-0.000328857	0.00446773	-0.000320591	0.00410146
6.48	0.00447885	-1.64603e-05	-0.000329375	0.00447515	-0.000321094	0.00410808
6.49	0.00448628	-1.64619e-05	-0.000329893	0.00448258	-0.000321598	0.0041147
6.5	0.00449372	-1.64635e-05	-0.000330411	0.00449001	-0.000322102	0.00412133
6.51	0.00450117	-1.64649e-05	-0.000330929	0.00449745	-0.000322606	0.00412795
6.52	0.00450861	-1.64662e-05	-0.000331447	0.00450488	-0.000323109	0.00413458
6.53	0.00451606	-1.64674e-05	-0.000331965	0.00451232	-0.000323613	0.00414121
6.54	0.00452351	-1.64684e-05	-0.000332483	0.00451976	-0.000324117	0.00414784
6.55	0.00453097	-1.64693e-05	-0.000333001	0.00452721	-0.000324621	0.00415447
6.56	0.00453842	-1.64701e-05	-0.00033352	0.00453465	-0.000325125	0.00416111
6.57	0.00454588	-1.64708e-05	-0.000334038	0.0045421	-0.000325629	0.00416774
6.58	0.00455334	-1.64713e-05	-0.000334556	0.00454956	-0.000326133	0.00417438
6.59	0.00456081	-1.64717e-05	-0.000335074	0.00455701	-0.000326637	0.00418101
6.6	0.00456828	-1.64719e-05	-0.000335593	0.00456447	-0.000327141	0.00418765
6.61	0.00457575	-1.64721e-05	-0.000336111	0.00457193	-0.000327645	0.00419429
6.62	0.00458322	-1.64721e-05	-0.00033663	0.00457939	-0.000328149	0.00420093
6.63	0.00459069	-1.64719e-05	-0.000337148	0.00458686	-0.000328653	0.00420758
6.64	0.00459817	-1.64717e-05	-0.000337667	0.00459432	-0.000329157	0.00421422
6.65	0.00460565	-1.64713e-05	-0.000338185	0.00460179	-0.000329661	0.00422087
6.66	0.00461313	-1.64708e-05	-0.000338704	0.00460927	-0.000330165	0.00422751
6.67	0.00462062	-1.64701e-05	-0.000339222	0.00461674	-0.000330669	0.00423416
6.68	0.00462811	-1.64694e-05	-0.000339741	0.00462422	-0.000331173	0.00424081
6.69	0.0046356	-1.64685e-05	-0.000340259	0.0046317	-0.000331677	0.00424746
6.7	0.00464309	-1.64674e-05	-0.000340778	0.00463919	-0.000332182	0.00425412
6.71	0.00465059	-1.64662e-05	-0.000341297	0.00464667	-0.000332686	0.00426077
6.72	0.00465809	-1.64649e-05	-0.000341816	0.00465416	-0.00033319	0.00426743
6.73	0.00466559	-1.64635e-05	-0.000342334	0.00466165	-0.000333694	0.00427409
6.74	0.00467309	-1.6462e-05	-0.000342853	0.00466915	-0.000334199	0.00428074
6.75	0.0046806	-1.64603e-05	-0.000343372	0.00467665	-0.000334703	0.0042874
6.76	0.00468811	-1.64584e-05	-0.000343891	0.00468415	-0.000335207	0.00429407
6.77	0.00469562	-1.64565e-05	-0.00034441	0.00469165	-0.000335711	0.00430073
6.78	0.00470314	-1.64544e-05	-0.000344929	0.00469915	-0.000336216	0.00430739
6.79	0.00471066	-1.64522e-05	-0.000345447	0.00470666	-0.00033672	0.00431406
6.8	0.00471818	-1.64498e-05	-0.000345966	0.00471417	-0.000337225	0.00432073
6.81	0.0047257	-1.64473e-05	-0.000346485	0.00472169	-0.000337729	0.00432739
6.82	0.00473323	-1.64447e-05	-0.000347004	0.00472921	-0.000338233	0.00433406
6.83	0.00474076	-1.6442e-05	-0.000347523	0.00473672	-0.000338738	0.00434074
6.84	0.00474829	-1.64391e-05	-0.000348043	0.00474425	-0.000339242	0.00434741
6.85	0.00475583	-1.64361e-05	-0.000348562	0.00475177	-0.000339747	0.00435408
6.86	0.00476337	-1.64329e-05	-0.000349081	0.0047593	-0.000340251	0.00436076
6.87	0.00477091	-1.64296e-05	-0.0003496	0.00476683	-0.000340756	0.00436744
6.88	0.00477845	-1.64262e-05	-0.000350119	0.00477436	-0.00034126	0.00437412
6.89	0.004786	-1.64227e-05	-0.000350638	0.0047819	-0.000341765	0.0043808
6.9	0.00479355	-1.6419e-05	-0.000351157	0.00478944	-0.000342269	0.00438748
6.91	0.0048011	-1.64152e-05	-0.000351676	0.00479698	-0.000342774	0.00439416
6.92	0.00480865	-1.64113e-05	-0.000352196	0.00480453	-0.000343278	0.00440085
6.93	0.00481621	-1.64072e-05	-0.000352715	0.00481207	-0.000343783	0.00440753
6.94	0.00482377	-1.6403e-05	-0.000353234	0.00481962	-0.000344287	0.00441422
6.95	0.00483134	-1.63986e-05	-0.000353753	0.00482718	-0.000344792	0.00442091
6.96	0.0048389	-1.63941e-05	-0.000354273	0.00483473	-0.000345297	0.0044276
6.97	0.00484647	-1.63895e-05	-0.000354792	0.00484229	-0.000345801	0.00443429
6.98	0.00485404	-1.63848e-05	-0.000355311	0.00484985	-0.000346306	0.00444099
6.99	0.00486162	-1.63799e-05	-0.000355831	0.00485742	-0.00034681	0.00444768
7	0.0048692	-1.63749e-05	-0.00035635	0.00486499	-0.000347315	0.00445438
7.01	0.00487678	-1.63697e-05	-0.000356869	0.00487256	-0.00034782	0.00446108
7.02	0.00488436	-1.63644e-05	-0.000357389	0.00488013	-0.000348324	0.00446778
7.03	0.00489195	-1.6359e-05	-0.000357908	0.00488771	-0.000348829	0.00447448
7.04	0.00489954	-1.63535e-05	-0.000358428	0.00489528	-0.000349334	0.00448118
7.05	0.00490713	-1.63478e-05	-0.000358947	0.00490287	-0.000349838	0.00448789
7.06	0.00491473	-1.63419e-05	-0.000359466	0.00491045	-0.000350343	0.00449459
7.07	0.00492232	-1.6336e-05	-0.000359986	0.00491804	-0.000350848	0.0045013
7.08	0.00492993	-1.63299e-05	-0.000360505	0.00492563	-0.000351352	0.00450801
7.09	0.00493753	-1.63236e-05	-0.000361025	0.00493322	-0.000351857	0.00451472
7.1	0.00494514	-1.63173e-05	-0.000361544	0.00494082	-0.000352362	0.00452143
7.11	0.00495275	-1.63108e-05	-0.000362064	0.00494842	-0.000352866	0.00452815
7.12	0.00496036	-1.63041e-05	-0.000362583	0.00495602	-0.000353371	0.00453486
7.13	0.00496798	-1.62974e-05	-0.000363103	0.00496363	-0.000353876	0.00454158
7.14	0.0049756	-1.62905e-05	-0.000363622	0.00497124	-0.000354381	0.0045483
7.15	0.00498322	-1.62834e-05	-0.000364142	0.00497885	-0.000354885	0.00455502
7.16	0.00499084	-1.62762e-05	-0.000364661	0.00498646	-0.00035539	0.00456174
7.17	0.00499847	-1.62689e-05	-0.000365181	0.00499408	-0.000355895	0.00456846
7.18	0.0050061	-1.62614e-05	-0.0003657	0.0050017	-0.000356399	0.00457519
7.19	0.00501374	-1.62539e-05	-0.00036622	0.00500933	-0.000356904	0.00458191
7.2	0.00502138	-1.62461e-05	-0.000366739	0.00501695	-0.000357409	0.00458864
7.21	0.00502902	-1.62383e-05	-0.000367259	0.00502458	-0.000357914	0.00459537
7.22	0.00503666	-1.62303e-05	-0.000367778	0.00503221	-0.000358418	0.0046021
7.23	0.00504431	-1.62221e-05	-0.000368298	0.00503985	-0.000358923	0.00460883
7.24	0.00505196	-1.62138e-05	-0.000368817	0.00504749	-0.000359428	0.00461557
7.25	0.00505961	-1.62054e-05	-0.000369337	0.00505513	-0.000359933	0.0046223
7.26	0.00506726	-1.61969e-05	-0.000369856	0.00506277	-0.000360437	0.00462904
7.27	0.00507492	-1.61882e-05	-0.000370376	0.00507042	-0.000360942	0.00463578
7.28	0.00508258	-1.61793e-05	-0.000370895	0.00507807	-0.000361447	0.00464252
7.29	0.00509025	-1.61704e-05	-0.000371415	0.00508573	-0.000361951	0.00464926
7.3	0.00509792	-1.61613e-05	-0.000371934	0.00509338	-0.000362456	0.00465601
7.31	0.00510559	-1.6152e-05	-0.000372454	0.00510104	-0.000362961	0.00466275
7.32	0.00511326	-1.61426e-05	-0.000372973	0.00510871	-0.000363465	0.0046695
7.33	0.00512094	-1.61331e-05	-0.000373492	0.00511637	-0.00036397	0.00467625
7.34	0.00512862	-1.61235e-05	-0.000374012	0.00512404	-0.000364475	0.004683
7.35	0.0051363	-1.61137e-05	-0.000374531	0.00513172	-0.00036498	0.00468975
7.36	0.00514399	-1.61037e-05	-0.000375051	0.00513939	-0.000365484	0.0046965
7.37	0.00515168	-1.60937e-05	-0.00037557	0.00514707	-0.000365989	0.00470326
7.38	0.00515937	-1.60834e-05	-0.00037609	0.00515475	-0.000366494	0.00471001
7.39	0.00516707	-1.60731e-05	-0.000376609	0.00516244	-0.000366998	0.00471677
7.4	0.00517477	-1.60626e-05	-0.000377129	0.00517012	-0.000367503	0.00472353
7.41	0.00518247	-1.6052e-05	-0.000377648	0.00517782	-0.000368007	0.00473029
7.42	0.00519018	-1.60412e-05	-0.000378167	0.00518551	-0.000368512	0.00473706
7.43	0.00519789	-1.60303e-05	-0.000378687	0.00519321	-0.000369017	0.00474382
7.44	0.0052056	-1.60192e-05	-0.000379206	0.00520091	-0.000369521	0.00475059
7.45	0.00521331	-1.6008e-05	-0.000379725	0.00520861	-0.000370026	0.00475736
7.46	0.00522103	-1.59967e-05	-0.000380245	0.00521632	-0.000370531	0.00476413
7.47	0.00522876	-1.59852e-05	-0.000380764	0.00522403	-0.000371035	0.0047709
7.48	0.00523648	-1.59736e-05	-0.000381283	0.00523174	-0.00037154	0.00477767
7.49	0.00524421	-1.59618e-05	-0.000381803	0.00523946	-0.000372044	0.00478445
7.5	0.00525194	-1.59499e-05	-0.000382322	0.00524718	-0.000372549	0.00479122
7.51	0.00525967	-1.59379e-05	-0.000382841	0.0052549	-0.000373053	0.004798
7.52	0.00526741	-1.59257e-05	-0.00038336	0.00526263	-0.000373558	0.00480478
7.53	0.00527515	-1.59134e-05	-0.00038388	0.00527036	-0.000374062	0.00481156
7.54	0.0052829	-1.59009e-05	-0.000384399	0.00527809	-0.000374567	0.00481834
7.55	0.00529065	-1.58883e-05	-0.000384918	0.00528583	-0.000375071	0.00482513
7.56	0.0052984	-1.58755e-05	-0.000385437	0.00529357	-0.000375576	0.00483192
7.57	0.00530615	-1.58626e-05	-0.000385956	0.00530131	-0.00037608	0.0048387
7.58	0.00531391	-1.58496e-05	-0.000386476	0.00530906	-0.000376585	0.00484549
7.59	0.00532167	-1.58364e-05	-0.000386995	0.0053168	-0.000377089	0.00485229
7.6	0.00532943	-1.58231e-05	-0.000387514	0.00532456	-0.000377594	0.00485908
7.61	0.0053372	-1.58096e-05	-0.000388033	0.00533231	-0.000378098	0.00486587
7.62	0.00534497	-1.5796e-05	-0.000388552	0.00534007	-0.000378602	0.00487267
7.63	0.00535274	-1.57823e-05	-0.000389071	0.00534783	-0.000379107	0.00487947
7.64	0.00536052	-1.57684e-05	-0.00038959	0.0053556	-0.000379611	0.00488627
7.65	0.0053683	-1.57543e-05	-0.000390109	0.00536337	-0.000380115	0.00489307
7.66	0.00537609	-1.57401e-05	-0.000390628	0.00537114	-0.00038062	0.00489988
7.67	0.00538387	-1.57258e-05	-0.000391147	0.00537892	-0.000381124	0.00490668
7.68	0.00539166	-1.57113e-05	-0.000391666	0.00538669	-0.000381628	0.00491349
7.69	0.00539946	-1.56967e-05	-0.000392184	0.00539448	-0.000382133	0.0049203
7.7	0.00540726	-1.56819e-05	-0.000392703	0.00540226	-0.000382637	0.00492711
7.71	0.00541506	-1.5667e-05	-0.000393222	0.00541005	-0.000383141	0.00493392
7.72	0.00542286	-1.56519e-05	-0.000393741	0.00541784	-0.000383645	0.00494073
7.73	0.00543067	-1.56367e-05	-0.00039426	0.00542564	-0.000384149	0.00494755
7.74	0.00543848	-1.56214e-05	-0.000394778	0.00543344	-0.000384654	0.00495437
7.75	0.00544629	-1.56058e-05	-0.000395297	0.00544124	-0.000385158	0.00496119
7.76	0.00545411	-1.55902e-05	-0.000395816	0.00544905	-0.000385662	0.00496801
7.77	0.00546193	-1.55744e-05	-0.000396334	0.00545685	-0.000386166	0.00497483
7.78	0.00546976	-1.55585e-05	-0.000396853	0.00546467	-0.00038667	0.00498165
7.79	0.00547759	-1.55424e-05	-0.000397372	0.00547248	-0.000387174	0.00498848
7.8	0.00548542	-1.55261e-05	-0.00039789	0.0054803	-0.000387678	0.00499531
7.81	0.00549325	-1.55097e-05	-0.000398409	0.00548813	-0.000388182	0.00500214
7.82	0.00550109	-1.54932e-05	-0.000398927	0.00549595	-0.000388686	0.00500897
7.83	0.00550893	-1.54765e-05	-0.000399446	0.00550378	-0.00038919	0.0050158
7.84	0.00551678	-1.54597e-05	-0.000399964	0.00551161	-0.000389694	0.00502264
7.85	0.00552463	-1.54427e-05	-0.000400482	0.00551945	-0.000390198	0.00502947
7.86	0.00553248	-1.54255e-05	-0.000401001	0.00552729	-0.000390702	0.00503631
7.87	0.00554033	-1.54082e-05	-0.000401519	0.00553513	-0.000391205	0.00504315
7.88	0.00554819	-1.53908e-05	-0.000402037	0.00554298	-0.000391709	0.00505
7.89	0.00555606	-1.53732e-05	-0.000402556	0.00555083	-0.000392213	0.00505684
7.9	0.00556392	-1.53555e-05	-0.000403074	0.00555868	-0.000392717	0.00506369
7.91	0.00557179	-1.53376e-05	-0.000403592	0.00556654	-0.000393221	0.00507053
7.92	0.00557966	-1.53195e-05	-0.00040411	0.0055744	-0.000393724	0.00507738
7.93	0.00558754	-1.53013e-05	-0.000404628	0.00558227	-0.000394228	0.00508423
7.94	0.00559542	-1.5283e-05	-0.000405146	0.00559013	-0.000394732	0.00509109
7.95	0.00560331	-1.52645e-05	-0.000405664	0.00559801	-0.000395235	0.00509794
7.96	0.00561119	-1.52458e-05	-0.000406182	0.00560588	-0.000395739	0.0051048
7.97	0.00561908	-1.5227e-05	-0.0004067	0.00561376	-0.000396242	0.00511166
7.98	0.00562698	-1.52081e-05	-0.000407218	0.00562164	-0.000396746	0.00511852
7.99	0.00563488	-1.51889e-05	-0.000407736	0.00562953	-0.00039725	0.00512538
8	0.00564278	-1.51697e-05	-0.000408254	0.00563742	-0.000397753	0.00513224
