Frequency (GHz)	Im(Y(1,1)) : transmon_coupling qq leg	Im(Y(1,2)) : transmon_coupling qq leg	Im(Y(2,2)) : transmon_coupling qq leg
0.01	6.6607e-06	-3.5859e-08	6.65647e-06
0.02	1.33227e-05	-7.18112e-08	1.33144e-05
0.03	1.99847e-05	-1.07761e-07	1.99723e-05
0.04	2.66466e-05	-1.43708e-07	2.66302e-05
0.05	3.33086e-05	-1.79651e-07	3.32881e-05
0.06	3.99705e-05	-2.15592e-07	3.9946e-05
0.07	4.66325e-05	-2.5153e-07	4.66038e-05
0.08	5.32944e-05	-2.87464e-07	5.32617e-05
0.09	5.99564e-05	-3.23394e-07	5.99196e-05
0.1	6.66184e-05	-3.59321e-07	6.65775e-05
0.11	7.32804e-05	-3.95245e-07	7.32353e-05
0.12	7.99424e-05	-4.31164e-07	7.98932e-05
0.13	8.66044e-05	-4.67079e-07	8.65512e-05
0.14	9.32664e-05	-5.02991e-07	9.32091e-05
0.15	9.99285e-05	-5.38897e-07	9.98671e-05
0.16	0.000106591	-5.748e-07	0.000106525
0.17	0.000113253	-6.10698e-07	0.000113183
0.18	0.000119915	-6.46591e-07	0.000119841
0.19	0.000126577	-6.82479e-07	0.000126499
0.2	0.000133239	-7.18363e-07	0.000133157
0.21	0.000139902	-7.54241e-07	0.000139816
0.22	0.000146564	-7.90114e-07	0.000146474
0.23	0.000153226	-8.25982e-07	0.000153132
0.24	0.000159889	-8.61844e-07	0.00015979
0.25	0.000166551	-8.97701e-07	0.000166449
0.26	0.000173214	-9.33552e-07	0.000173107
0.27	0.000179877	-9.69398e-07	0.000179766
0.28	0.000186539	-1.00524e-06	0.000186424
0.29	0.000193202	-1.04107e-06	0.000193083
0.3	0.000199865	-1.0769e-06	0.000199742
0.31	0.000206528	-1.11272e-06	0.0002064
0.32	0.000213191	-1.14853e-06	0.000213059
0.33	0.000219854	-1.18434e-06	0.000219718
0.34	0.000226517	-1.22014e-06	0.000226377
0.35	0.000233181	-1.25594e-06	0.000233036
0.36	0.000239844	-1.29172e-06	0.000239696
0.37	0.000246508	-1.3275e-06	0.000246355
0.38	0.000253171	-1.36328e-06	0.000253014
0.39	0.000259835	-1.39904e-06	0.000259674
0.4	0.000266499	-1.4348e-06	0.000266334
0.41	0.000273163	-1.47055e-06	0.000272993
0.42	0.000279827	-1.50629e-06	0.000279653
0.43	0.000286491	-1.54203e-06	0.000286313
0.44	0.000293155	-1.57776e-06	0.000292973
0.45	0.00029982	-1.61348e-06	0.000299634
0.46	0.000306484	-1.64919e-06	0.000306294
0.47	0.000313149	-1.68489e-06	0.000312955
0.48	0.000319814	-1.72059e-06	0.000319615
0.49	0.000326479	-1.75627e-06	0.000326276
0.5	0.000333144	-1.79195e-06	0.000332937
0.51	0.000339809	-1.82762e-06	0.000339598
0.52	0.000346475	-1.86328e-06	0.000346259
0.53	0.000353141	-1.89893e-06	0.000352921
0.54	0.000359806	-1.93457e-06	0.000359582
0.55	0.000366472	-1.97021e-06	0.000366244
0.56	0.000373138	-2.00583e-06	0.000372906
0.57	0.000379805	-2.04145e-06	0.000379568
0.58	0.000386471	-2.07705e-06	0.00038623
0.59	0.000393138	-2.11265e-06	0.000392893
0.6	0.000399805	-2.14823e-06	0.000399555
0.61	0.000406472	-2.18381e-06	0.000406218
0.62	0.000413139	-2.21938e-06	0.000412881
0.63	0.000419806	-2.25493e-06	0.000419544
0.64	0.000426474	-2.29048e-06	0.000426208
0.65	0.000433142	-2.32601e-06	0.000432871
0.66	0.00043981	-2.36154e-06	0.000439535
0.67	0.000446478	-2.39706e-06	0.000446199
0.68	0.000453147	-2.43256e-06	0.000452863
0.69	0.000459815	-2.46805e-06	0.000459528
0.7	0.000466484	-2.50354e-06	0.000466192
0.71	0.000473153	-2.53901e-06	0.000472857
0.72	0.000479823	-2.57447e-06	0.000479522
0.73	0.000486492	-2.60992e-06	0.000486187
0.74	0.000493162	-2.64536e-06	0.000492853
0.75	0.000499832	-2.68079e-06	0.000499519
0.76	0.000506503	-2.7162e-06	0.000506185
0.77	0.000513173	-2.75161e-06	0.000512851
0.78	0.000519844	-2.787e-06	0.000519517
0.79	0.000526515	-2.82238e-06	0.000526184
0.8	0.000533186	-2.85775e-06	0.000532851
0.81	0.000539858	-2.89311e-06	0.000539519
0.82	0.00054653	-2.92846e-06	0.000546186
0.83	0.000553202	-2.96379e-06	0.000552854
0.84	0.000559874	-2.99911e-06	0.000559522
0.85	0.000566547	-3.03442e-06	0.00056619
0.86	0.00057322	-3.06972e-06	0.000572859
0.87	0.000579893	-3.105e-06	0.000579528
0.88	0.000586567	-3.14027e-06	0.000586197
0.89	0.00059324	-3.17553e-06	0.000592867
0.9	0.000599915	-3.21077e-06	0.000599536
0.91	0.000606589	-3.24601e-06	0.000606206
0.92	0.000613264	-3.28122e-06	0.000612877
0.93	0.000619939	-3.31643e-06	0.000619547
0.94	0.000626614	-3.35162e-06	0.000626218
0.95	0.00063329	-3.3868e-06	0.00063289
0.96	0.000639966	-3.42197e-06	0.000639561
0.97	0.000646642	-3.45712e-06	0.000646233
0.98	0.000653318	-3.49226e-06	0.000652906
0.99	0.000659995	-3.52738e-06	0.000659578
1	0.000666673	-3.56249e-06	0.000666251
1.01	0.00067335	-3.59759e-06	0.000672924
1.02	0.000680028	-3.63267e-06	0.000679598
1.03	0.000686707	-3.66774e-06	0.000686272
1.04	0.000693385	-3.70279e-06	0.000692946
1.05	0.000700064	-3.73783e-06	0.000699621
1.06	0.000706744	-3.77286e-06	0.000706296
1.07	0.000713423	-3.80787e-06	0.000712971
1.08	0.000720103	-3.84286e-06	0.000719647
1.09	0.000726784	-3.87784e-06	0.000726323
1.1	0.000733465	-3.91281e-06	0.000732999
1.11	0.000740146	-3.94776e-06	0.000739676
1.12	0.000746827	-3.98269e-06	0.000746353
1.13	0.000753509	-4.01761e-06	0.000753031
1.14	0.000760192	-4.05252e-06	0.000759709
1.15	0.000766874	-4.08741e-06	0.000766387
1.16	0.000773557	-4.12228e-06	0.000773066
1.17	0.000780241	-4.15714e-06	0.000779745
1.18	0.000786925	-4.19198e-06	0.000786425
1.19	0.000793609	-4.2268e-06	0.000793105
1.2	0.000800294	-4.26161e-06	0.000799785
1.21	0.000806979	-4.2964e-06	0.000806466
1.22	0.000813665	-4.33118e-06	0.000813147
1.23	0.000820351	-4.36594e-06	0.000819828
1.24	0.000827037	-4.40069e-06	0.00082651
1.25	0.000833724	-4.43541e-06	0.000833193
1.26	0.000840411	-4.47012e-06	0.000839876
1.27	0.000847099	-4.50482e-06	0.000846559
1.28	0.000853787	-4.53949e-06	0.000853243
1.29	0.000860476	-4.57415e-06	0.000859927
1.3	0.000867165	-4.6088e-06	0.000866612
1.31	0.000873854	-4.64342e-06	0.000873297
1.32	0.000880544	-4.67803e-06	0.000879982
1.33	0.000887234	-4.71262e-06	0.000886668
1.34	0.000893925	-4.74719e-06	0.000893355
1.35	0.000900617	-4.78175e-06	0.000900042
1.36	0.000907308	-4.81628e-06	0.000906729
1.37	0.000914001	-4.8508e-06	0.000913417
1.38	0.000920693	-4.8853e-06	0.000920105
1.39	0.000927387	-4.91979e-06	0.000926794
1.4	0.00093408	-4.95425e-06	0.000933483
1.41	0.000940774	-4.9887e-06	0.000940173
1.42	0.000947469	-5.02312e-06	0.000946863
1.43	0.000954164	-5.05753e-06	0.000953554
1.44	0.00096086	-5.09192e-06	0.000960245
1.45	0.000967556	-5.12629e-06	0.000966937
1.46	0.000974253	-5.16064e-06	0.000973629
1.47	0.00098095	-5.19498e-06	0.000980322
1.48	0.000987648	-5.22929e-06	0.000987015
1.49	0.000994346	-5.26359e-06	0.000993709
1.5	0.00100104	-5.29786e-06	0.0010004
1.51	0.00100774	-5.33212e-06	0.0010071
1.52	0.00101444	-5.36635e-06	0.00101379
1.53	0.00102114	-5.40057e-06	0.00102049
1.54	0.00102785	-5.43476e-06	0.00102719
1.55	0.00103455	-5.46894e-06	0.00103388
1.56	0.00104125	-5.50309e-06	0.00104058
1.57	0.00104795	-5.53723e-06	0.00104728
1.58	0.00105465	-5.57134e-06	0.00105398
1.59	0.00106136	-5.60544e-06	0.00106068
1.6	0.00106806	-5.63951e-06	0.00106738
1.61	0.00107477	-5.67356e-06	0.00107408
1.62	0.00108147	-5.70759e-06	0.00108078
1.63	0.00108818	-5.7416e-06	0.00108748
1.64	0.00109488	-5.77559e-06	0.00109418
1.65	0.00110159	-5.80956e-06	0.00110088
1.66	0.0011083	-5.84351e-06	0.00110759
1.67	0.00111501	-5.87743e-06	0.00111429
1.68	0.00112172	-5.91133e-06	0.001121
1.69	0.00112843	-5.94522e-06	0.0011277
1.7	0.00113514	-5.97907e-06	0.00113441
1.71	0.00114185	-6.01291e-06	0.00114111
1.72	0.00114856	-6.04673e-06	0.00114782
1.73	0.00115527	-6.08052e-06	0.00115453
1.74	0.00116198	-6.11429e-06	0.00116123
1.75	0.00116869	-6.14804e-06	0.00116794
1.76	0.00117541	-6.18176e-06	0.00117465
1.77	0.00118212	-6.21546e-06	0.00118136
1.78	0.00118884	-6.24914e-06	0.00118807
1.79	0.00119555	-6.28279e-06	0.00119478
1.8	0.00120227	-6.31643e-06	0.00120149
1.81	0.00120899	-6.35003e-06	0.00120821
1.82	0.0012157	-6.38362e-06	0.00121492
1.83	0.00122242	-6.41718e-06	0.00122163
1.84	0.00122914	-6.45072e-06	0.00122835
1.85	0.00123586	-6.48423e-06	0.00123506
1.86	0.00124258	-6.51772e-06	0.00124178
1.87	0.0012493	-6.55118e-06	0.00124849
1.88	0.00125602	-6.58462e-06	0.00125521
1.89	0.00126274	-6.61804e-06	0.00126193
1.9	0.00126947	-6.65143e-06	0.00126865
1.91	0.00127619	-6.68479e-06	0.00127537
1.92	0.00128291	-6.71813e-06	0.00128209
1.93	0.00128964	-6.75145e-06	0.00128881
1.94	0.00129636	-6.78474e-06	0.00129553
1.95	0.00130309	-6.818e-06	0.00130225
1.96	0.00130982	-6.85124e-06	0.00130897
1.97	0.00131654	-6.88446e-06	0.00131569
1.98	0.00132327	-6.91764e-06	0.00132242
1.99	0.00133	-6.9508e-06	0.00132914
2	0.00133673	-6.98394e-06	0.00133587
2.01	0.00134346	-7.01705e-06	0.00134259
2.02	0.00135019	-7.05013e-06	0.00134932
2.03	0.00135692	-7.08318e-06	0.00135605
2.04	0.00136366	-7.1162e-06	0.00136278
2.05	0.00137039	-7.1492e-06	0.0013695
2.06	0.00137712	-7.18216e-06	0.00137623
2.07	0.00138386	-7.21509e-06	0.00138296
2.08	0.00139059	-7.248e-06	0.00138969
2.09	0.00139733	-7.28087e-06	0.00139643
2.1	0.00140407	-7.31372e-06	0.00140316
2.11	0.0014108	-7.34653e-06	0.00140989
2.12	0.00141754	-7.37931e-06	0.00141662
2.13	0.00142428	-7.41207e-06	0.00142336
2.14	0.00143102	-7.44479e-06	0.00143009
2.15	0.00143776	-7.47748e-06	0.00143683
2.16	0.0014445	-7.51014e-06	0.00144357
2.17	0.00145125	-7.54277e-06	0.00145031
2.18	0.00145799	-7.57536e-06	0.00145704
2.19	0.00146473	-7.60793e-06	0.00146378
2.2	0.00147148	-7.64046e-06	0.00147052
2.21	0.00147822	-7.67296e-06	0.00147726
2.22	0.00148497	-7.70543e-06	0.001484
2.23	0.00149171	-7.73787e-06	0.00149075
2.24	0.00149846	-7.77027e-06	0.00149749
2.25	0.00150521	-7.80264e-06	0.00150423
2.26	0.00151196	-7.83498e-06	0.00151098
2.27	0.00151871	-7.86729e-06	0.00151772
2.28	0.00152546	-7.89956e-06	0.00152447
2.29	0.00153221	-7.9318e-06	0.00153122
2.3	0.00153896	-7.964e-06	0.00153796
2.31	0.00154572	-7.99618e-06	0.00154471
2.32	0.00155247	-8.02831e-06	0.00155146
2.33	0.00155923	-8.06042e-06	0.00155821
2.34	0.00156598	-8.09249e-06	0.00156496
2.35	0.00157274	-8.12452e-06	0.00157171
2.36	0.00157949	-8.15653e-06	0.00157847
2.37	0.00158625	-8.18849e-06	0.00158522
2.38	0.00159301	-8.22042e-06	0.00159197
2.39	0.00159977	-8.25232e-06	0.00159873
2.4	0.00160653	-8.28418e-06	0.00160549
2.41	0.00161329	-8.31601e-06	0.00161224
2.42	0.00162005	-8.3478e-06	0.001619
2.43	0.00162682	-8.37955e-06	0.00162576
2.44	0.00163358	-8.41127e-06	0.00163252
2.45	0.00164035	-8.44296e-06	0.00163928
2.46	0.00164711	-8.4746e-06	0.00164604
2.47	0.00165388	-8.50621e-06	0.0016528
2.48	0.00166065	-8.53779e-06	0.00165956
2.49	0.00166741	-8.56933e-06	0.00166633
2.5	0.00167418	-8.60083e-06	0.00167309
2.51	0.00168095	-8.63229e-06	0.00167986
2.52	0.00168772	-8.66372e-06	0.00168662
2.53	0.0016945	-8.69511e-06	0.00169339
2.54	0.00170127	-8.72646e-06	0.00170016
2.55	0.00170804	-8.75777e-06	0.00170693
2.56	0.00171482	-8.78905e-06	0.0017137
2.57	0.00172159	-8.82028e-06	0.00172047
2.58	0.00172837	-8.85148e-06	0.00172724
2.59	0.00173514	-8.88265e-06	0.00173401
2.6	0.00174192	-8.91377e-06	0.00174078
2.61	0.0017487	-8.94485e-06	0.00174756
2.62	0.00175548	-8.9759e-06	0.00175433
2.63	0.00176226	-9.00691e-06	0.00176111
2.64	0.00176904	-9.03787e-06	0.00176789
2.65	0.00177583	-9.0688e-06	0.00177466
2.66	0.00178261	-9.09969e-06	0.00178144
2.67	0.00178939	-9.13054e-06	0.00178822
2.68	0.00179618	-9.16135e-06	0.001795
2.69	0.00180297	-9.19212e-06	0.00180179
2.7	0.00180975	-9.22285e-06	0.00180857
2.71	0.00181654	-9.25354e-06	0.00181535
2.72	0.00182333	-9.28419e-06	0.00182214
2.73	0.00183012	-9.31479e-06	0.00182892
2.74	0.00183691	-9.34536e-06	0.00183571
2.75	0.0018437	-9.37589e-06	0.0018425
2.76	0.0018505	-9.40637e-06	0.00184928
2.77	0.00185729	-9.43682e-06	0.00185607
2.78	0.00186408	-9.46722e-06	0.00186286
2.79	0.00187088	-9.49758e-06	0.00186965
2.8	0.00187768	-9.5279e-06	0.00187645
2.81	0.00188448	-9.55818e-06	0.00188324
2.82	0.00189127	-9.58841e-06	0.00189003
2.83	0.00189807	-9.6186e-06	0.00189683
2.84	0.00190488	-9.64876e-06	0.00190362
2.85	0.00191168	-9.67886e-06	0.00191042
2.86	0.00191848	-9.70893e-06	0.00191722
2.87	0.00192528	-9.73895e-06	0.00192402
2.88	0.00193209	-9.76893e-06	0.00193082
2.89	0.00193889	-9.79887e-06	0.00193762
2.9	0.0019457	-9.82876e-06	0.00194442
2.91	0.00195251	-9.85861e-06	0.00195123
2.92	0.00195932	-9.88841e-06	0.00195803
2.93	0.00196613	-9.91818e-06	0.00196483
2.94	0.00197294	-9.94789e-06	0.00197164
2.95	0.00197975	-9.97757e-06	0.00197845
2.96	0.00198656	-1.00072e-05	0.00198526
2.97	0.00199338	-1.00368e-05	0.00199207
2.98	0.00200019	-1.00663e-05	0.00199888
2.99	0.00200701	-1.00958e-05	0.00200569
3	0.00201383	-1.01253e-05	0.0020125
3.01	0.00202064	-1.01547e-05	0.00201931
3.02	0.00202746	-1.0184e-05	0.00202613
3.03	0.00203428	-1.02133e-05	0.00203294
3.04	0.00204111	-1.02426e-05	0.00203976
3.05	0.00204793	-1.02718e-05	0.00204658
3.06	0.00205475	-1.0301e-05	0.0020534
3.07	0.00206158	-1.03301e-05	0.00206022
3.08	0.0020684	-1.03592e-05	0.00206704
3.09	0.00207523	-1.03883e-05	0.00207386
3.1	0.00208206	-1.04173e-05	0.00208068
3.11	0.00208888	-1.04462e-05	0.0020875
3.12	0.00209571	-1.04751e-05	0.00209433
3.13	0.00210255	-1.0504e-05	0.00210116
3.14	0.00210938	-1.05328e-05	0.00210798
3.15	0.00211621	-1.05615e-05	0.00211481
3.16	0.00212305	-1.05902e-05	0.00212164
3.17	0.00212988	-1.06189e-05	0.00212847
3.18	0.00213672	-1.06475e-05	0.0021353
3.19	0.00214356	-1.06761e-05	0.00214214
3.2	0.00215039	-1.07046e-05	0.00214897
3.21	0.00215723	-1.07331e-05	0.00215581
3.22	0.00216408	-1.07615e-05	0.00216264
3.23	0.00217092	-1.07899e-05	0.00216948
3.24	0.00217776	-1.08182e-05	0.00217632
3.25	0.00218461	-1.08465e-05	0.00218316
3.26	0.00219145	-1.08747e-05	0.00219
3.27	0.0021983	-1.09029e-05	0.00219684
3.28	0.00220515	-1.0931e-05	0.00220368
3.29	0.002212	-1.09591e-05	0.00221053
3.3	0.00221885	-1.09871e-05	0.00221737
3.31	0.0022257	-1.10151e-05	0.00222422
3.32	0.00223255	-1.1043e-05	0.00223106
3.33	0.0022394	-1.10709e-05	0.00223791
3.34	0.00224626	-1.10987e-05	0.00224476
3.35	0.00225311	-1.11265e-05	0.00225161
3.36	0.00225997	-1.11542e-05	0.00225847
3.37	0.00226683	-1.11819e-05	0.00226532
3.38	0.00227369	-1.12095e-05	0.00227217
3.39	0.00228055	-1.12371e-05	0.00227903
3.4	0.00228741	-1.12646e-05	0.00228589
3.41	0.00229428	-1.12921e-05	0.00229275
3.42	0.00230114	-1.13195e-05	0.0022996
3.43	0.00230801	-1.13469e-05	0.00230646
3.44	0.00231487	-1.13742e-05	0.00231333
3.45	0.00232174	-1.14015e-05	0.00232019
3.46	0.00232861	-1.14287e-05	0.00232705
3.47	0.00233548	-1.14558e-05	0.00233392
3.48	0.00234235	-1.14829e-05	0.00234079
3.49	0.00234923	-1.151e-05	0.00234765
3.5	0.0023561	-1.1537e-05	0.00235452
3.51	0.00236297	-1.15639e-05	0.00236139
3.52	0.00236985	-1.15908e-05	0.00236826
3.53	0.00237673	-1.16177e-05	0.00237514
3.54	0.00238361	-1.16445e-05	0.00238201
3.55	0.00239049	-1.16712e-05	0.00238888
3.56	0.00239737	-1.16979e-05	0.00239576
3.57	0.00240425	-1.17245e-05	0.00240264
3.58	0.00241114	-1.17511e-05	0.00240952
3.59	0.00241802	-1.17776e-05	0.0024164
3.6	0.00242491	-1.18041e-05	0.00242328
3.61	0.0024318	-1.18305e-05	0.00243016
3.62	0.00243869	-1.18568e-05	0.00243705
3.63	0.00244558	-1.18831e-05	0.00244393
3.64	0.00245247	-1.19094e-05	0.00245082
3.65	0.00245936	-1.19356e-05	0.0024577
3.66	0.00246626	-1.19617e-05	0.00246459
3.67	0.00247315	-1.19878e-05	0.00247148
3.68	0.00248005	-1.20138e-05	0.00247838
3.69	0.00248695	-1.20398e-05	0.00248527
3.7	0.00249385	-1.20657e-05	0.00249216
3.71	0.00250075	-1.20916e-05	0.00249906
3.72	0.00250765	-1.21174e-05	0.00250595
3.73	0.00251455	-1.21431e-05	0.00251285
3.74	0.00252146	-1.21688e-05	0.00251975
3.75	0.00252836	-1.21944e-05	0.00252665
3.76	0.00253527	-1.222e-05	0.00253355
3.77	0.00254218	-1.22455e-05	0.00254046
3.78	0.00254909	-1.2271e-05	0.00254736
3.79	0.002556	-1.22964e-05	0.00255427
3.8	0.00256292	-1.23217e-05	0.00256118
3.81	0.00256983	-1.2347e-05	0.00256808
3.82	0.00257675	-1.23722e-05	0.00257499
3.83	0.00258366	-1.23974e-05	0.00258191
3.84	0.00259058	-1.24225e-05	0.00258882
3.85	0.0025975	-1.24476e-05	0.00259573
3.86	0.00260442	-1.24725e-05	0.00260265
3.87	0.00261134	-1.24975e-05	0.00260956
3.88	0.00261827	-1.25224e-05	0.00261648
3.89	0.00262519	-1.25472e-05	0.0026234
3.9	0.00263212	-1.25719e-05	0.00263032
3.91	0.00263905	-1.25966e-05	0.00263725
3.92	0.00264598	-1.26213e-05	0.00264417
3.93	0.00265291	-1.26459e-05	0.00265109
3.94	0.00265984	-1.26704e-05	0.00265802
3.95	0.00266677	-1.26948e-05	0.00266495
3.96	0.00267371	-1.27192e-05	0.00267188
3.97	0.00268064	-1.27436e-05	0.00267881
3.98	0.00268758	-1.27679e-05	0.00268574
3.99	0.00269452	-1.27921e-05	0.00269267
4	0.00270146	-1.28162e-05	0.00269961
4.01	0.0027084	-1.28403e-05	0.00270654
4.02	0.00271535	-1.28644e-05	0.00271348
4.03	0.00272229	-1.28884e-05	0.00272042
4.04	0.00272924	-1.29123e-05	0.00272736
4.05	0.00273619	-1.29362e-05	0.0027343
4.06	0.00274314	-1.29601e-05	0.00274125
4.07	0.00275009	-1.29838e-05	0.00274819
4.08	0.00275704	-1.30076e-05	0.00275514
4.09	0.002764	-1.30313e-05	0.00276209
4.1	0.00277095	-1.30549e-05	0.00276904
4.11	0.00277791	-1.30785e-05	0.00277599
4.12	0.00278487	-1.3102e-05	0.00278294
4.13	0.00279183	-1.31255e-05	0.0027899
4.14	0.00279879	-1.31489e-05	0.00279685
4.15	0.00280575	-1.31723e-05	0.00280381
4.16	0.00281272	-1.31956e-05	0.00281077
4.17	0.00281968	-1.32188e-05	0.00281773
4.18	0.00282665	-1.3242e-05	0.00282469
4.19	0.00283362	-1.32652e-05	0.00283165
4.2	0.00284059	-1.32883e-05	0.00283862
4.21	0.00284756	-1.33113e-05	0.00284559
4.22	0.00285454	-1.33343e-05	0.00285255
4.23	0.00286151	-1.33572e-05	0.00285952
4.24	0.00286849	-1.33801e-05	0.00286649
4.25	0.00287547	-1.34029e-05	0.00287347
4.26	0.00288245	-1.34257e-05	0.00288044
4.27	0.00288943	-1.34484e-05	0.00288742
4.28	0.00289642	-1.3471e-05	0.0028944
4.29	0.0029034	-1.34936e-05	0.00290137
4.3	0.00291039	-1.35161e-05	0.00290836
4.31	0.00291738	-1.35386e-05	0.00291534
4.32	0.00292437	-1.3561e-05	0.00292232
4.33	0.00293136	-1.35834e-05	0.00292931
4.34	0.00293835	-1.36057e-05	0.00293629
4.35	0.00294535	-1.36279e-05	0.00294328
4.36	0.00295234	-1.36501e-05	0.00295027
4.37	0.00295934	-1.36722e-05	0.00295727
4.38	0.00296634	-1.36943e-05	0.00296426
4.39	0.00297334	-1.37163e-05	0.00297125
4.4	0.00298035	-1.37382e-05	0.00297825
4.41	0.00298735	-1.37601e-05	0.00298525
4.42	0.00299436	-1.3782e-05	0.00299225
4.43	0.00300137	-1.38037e-05	0.00299925
4.44	0.00300838	-1.38254e-05	0.00300625
4.45	0.00301539	-1.38471e-05	0.00301326
4.46	0.0030224	-1.38686e-05	0.00302027
4.47	0.00302941	-1.38902e-05	0.00302728
4.48	0.00303643	-1.39116e-05	0.00303429
4.49	0.00304345	-1.3933e-05	0.0030413
4.5	0.00305047	-1.39544e-05	0.00304831
4.51	0.00305749	-1.39756e-05	0.00305533
4.52	0.00306451	-1.39968e-05	0.00306234
4.53	0.00307154	-1.4018e-05	0.00306936
4.54	0.00307856	-1.4039e-05	0.00307638
4.55	0.00308559	-1.40601e-05	0.0030834
4.56	0.00309262	-1.4081e-05	0.00309043
4.57	0.00309965	-1.41019e-05	0.00309745
4.58	0.00310669	-1.41227e-05	0.00310448
4.59	0.00311372	-1.41435e-05	0.00311151
4.6	0.00312076	-1.41642e-05	0.00311854
4.61	0.0031278	-1.41848e-05	0.00312557
4.62	0.00313484	-1.42053e-05	0.0031326
4.63	0.00314188	-1.42258e-05	0.00313964
4.64	0.00314892	-1.42462e-05	0.00314667
4.65	0.00315597	-1.42666e-05	0.00315371
4.66	0.00316302	-1.42869e-05	0.00316075
4.67	0.00317006	-1.43071e-05	0.0031678
4.68	0.00317712	-1.43272e-05	0.00317484
4.69	0.00318417	-1.43473e-05	0.00318189
4.7	0.00319122	-1.43673e-05	0.00318893
4.71	0.00319828	-1.43873e-05	0.00319598
4.72	0.00320534	-1.44071e-05	0.00320303
4.73	0.00321239	-1.44269e-05	0.00321009
4.74	0.00321946	-1.44467e-05	0.00321714
4.75	0.00322652	-1.44663e-05	0.0032242
4.76	0.00323358	-1.44859e-05	0.00323126
4.77	0.00324065	-1.45054e-05	0.00323832
4.78	0.00324772	-1.45249e-05	0.00324538
4.79	0.00325479	-1.45443e-05	0.00325244
4.8	0.00326186	-1.45636e-05	0.00325951
4.81	0.00326893	-1.45828e-05	0.00326657
4.82	0.00327601	-1.46019e-05	0.00327364
4.83	0.00328309	-1.4621e-05	0.00328071
4.84	0.00329017	-1.464e-05	0.00328779
4.85	0.00329725	-1.46589e-05	0.00329486
4.86	0.00330433	-1.46778e-05	0.00330194
4.87	0.00331142	-1.46966e-05	0.00330901
4.88	0.0033185	-1.47153e-05	0.00331609
4.89	0.00332559	-1.47339e-05	0.00332318
4.9	0.00333268	-1.47524e-05	0.00333026
4.91	0.00333977	-1.47709e-05	0.00333734
4.92	0.00334687	-1.47893e-05	0.00334443
4.93	0.00335396	-1.48076e-05	0.00335152
4.94	0.00336106	-1.48258e-05	0.00335861
4.95	0.00336816	-1.4844e-05	0.0033657
4.96	0.00337526	-1.48621e-05	0.0033728
4.97	0.00338236	-1.48801e-05	0.00337989
4.98	0.00338947	-1.4898e-05	0.00338699
4.99	0.00339657	-1.49158e-05	0.00339409
5	0.00340368	-1.49336e-05	0.00340119
5.01	0.00341079	-1.49513e-05	0.0034083
5.02	0.00341791	-1.49689e-05	0.0034154
5.03	0.00342502	-1.49864e-05	0.00342251
5.04	0.00343214	-1.50038e-05	0.00342962
5.05	0.00343926	-1.50212e-05	0.00343673
5.06	0.00344638	-1.50384e-05	0.00344384
5.07	0.0034535	-1.50556e-05	0.00345096
5.08	0.00346062	-1.50727e-05	0.00345808
5.09	0.00346775	-1.50897e-05	0.00346519
5.1	0.00347488	-1.51067e-05	0.00347231
5.11	0.00348201	-1.51235e-05	0.00347944
5.12	0.00348914	-1.51403e-05	0.00348656
5.13	0.00349627	-1.51569e-05	0.00349369
5.14	0.00350341	-1.51735e-05	0.00350082
5.15	0.00351054	-1.519e-05	0.00350795
5.16	0.00351768	-1.52064e-05	0.00351508
5.17	0.00352482	-1.52228e-05	0.00352221
5.18	0.00353197	-1.5239e-05	0.00352935
5.19	0.00353911	-1.52551e-05	0.00353649
5.2	0.00354626	-1.52712e-05	0.00354363
5.21	0.00355341	-1.52872e-05	0.00355077
5.22	0.00356056	-1.5303e-05	0.00355791
5.23	0.00356771	-1.53188e-05	0.00356506
5.24	0.00357487	-1.53345e-05	0.00357221
5.25	0.00358203	-1.53501e-05	0.00357936
5.26	0.00358918	-1.53657e-05	0.00358651
5.27	0.00359635	-1.53811e-05	0.00359366
5.28	0.00360351	-1.53964e-05	0.00360082
5.29	0.00361067	-1.54117e-05	0.00360797
5.3	0.00361784	-1.54268e-05	0.00361513
5.31	0.00362501	-1.54419e-05	0.0036223
5.32	0.00363218	-1.54568e-05	0.00362946
5.33	0.00363935	-1.54717e-05	0.00363663
5.34	0.00364653	-1.54865e-05	0.00364379
5.35	0.00365371	-1.55012e-05	0.00365096
5.36	0.00366088	-1.55157e-05	0.00365813
5.37	0.00366807	-1.55302e-05	0.00366531
5.38	0.00367525	-1.55446e-05	0.00367248
5.39	0.00368243	-1.55589e-05	0.00367966
5.4	0.00368962	-1.55731e-05	0.00368684
5.41	0.00369681	-1.55872e-05	0.00369402
5.42	0.003704	-1.56012e-05	0.00370121
5.43	0.0037112	-1.56151e-05	0.00370839
5.44	0.00371839	-1.56289e-05	0.00371558
5.45	0.00372559	-1.56426e-05	0.00372277
5.46	0.00373279	-1.56562e-05	0.00372996
5.47	0.00373999	-1.56697e-05	0.00373716
5.48	0.00374719	-1.56831e-05	0.00374435
5.49	0.0037544	-1.56964e-05	0.00375155
5.5	0.00376161	-1.57097e-05	0.00375875
5.51	0.00376882	-1.57228e-05	0.00376595
5.52	0.00377603	-1.57358e-05	0.00377316
5.53	0.00378324	-1.57487e-05	0.00378036
5.54	0.00379046	-1.57615e-05	0.00378757
5.55	0.00379768	-1.57742e-05	0.00379478
5.56	0.0038049	-1.57867e-05	0.00380199
5.57	0.00381212	-1.57992e-05	0.00380921
5.58	0.00381935	-1.58116e-05	0.00381643
5.59	0.00382657	-1.58239e-05	0.00382364
5.6	0.0038338	-1.58361e-05	0.00383087
5.61	0.00384103	-1.58481e-05	0.00383809
5.62	0.00384827	-1.58601e-05	0.00384531
5.63	0.0038555	-1.5872e-05	0.00385254
5.64	0.00386274	-1.58837e-05	0.00385977
5.65	0.00386998	-1.58954e-05	0.003867
5.66	0.00387722	-1.59069e-05	0.00387424
5.67	0.00388446	-1.59183e-05	0.00388147
5.68	0.00389171	-1.59297e-05	0.00388871
5.69	0.00389896	-1.59409e-05	0.00389595
5.7	0.00390621	-1.5952e-05	0.00390319
5.71	0.00391346	-1.5963e-05	0.00391044
5.72	0.00392072	-1.59739e-05	0.00391769
5.73	0.00392797	-1.59846e-05	0.00392493
5.74	0.00393523	-1.59953e-05	0.00393219
5.75	0.00394249	-1.60059e-05	0.00393944
5.76	0.00394976	-1.60163e-05	0.00394669
5.77	0.00395702	-1.60267e-05	0.00395395
5.78	0.00396429	-1.60369e-05	0.00396121
5.79	0.00397156	-1.6047e-05	0.00396847
5.8	0.00397883	-1.6057e-05	0.00397574
5.81	0.00398611	-1.60669e-05	0.003983
5.82	0.00399339	-1.60767e-05	0.00399027
5.83	0.00400066	-1.60863e-05	0.00399754
5.84	0.00400795	-1.60959e-05	0.00400482
5.85	0.00401523	-1.61053e-05	0.00401209
5.86	0.00402252	-1.61147e-05	0.00401937
5.87	0.0040298	-1.61239e-05	0.00402665
5.88	0.00403709	-1.6133e-05	0.00403393
5.89	0.00404439	-1.6142e-05	0.00404122
5.9	0.00405168	-1.61508e-05	0.0040485
5.91	0.00405898	-1.61596e-05	0.00405579
5.92	0.00406628	-1.61682e-05	0.00406308
5.93	0.00407358	-1.61767e-05	0.00407038
5.94	0.00408088	-1.61851e-05	0.00407767
5.95	0.00408819	-1.61934e-05	0.00408497
5.96	0.0040955	-1.62016e-05	0.00409227
5.97	0.00410281	-1.62096e-05	0.00409957
5.98	0.00411012	-1.62176e-05	0.00410688
5.99	0.00411744	-1.62254e-05	0.00411418
6	0.00412476	-1.62331e-05	0.00412149
6.01	0.00413208	-1.62407e-05	0.00412881
6.02	0.0041394	-1.62481e-05	0.00413612
6.03	0.00414672	-1.62555e-05	0.00414344
6.04	0.00415405	-1.62627e-05	0.00415075
6.05	0.00416138	-1.62698e-05	0.00415808
6.06	0.00416871	-1.62768e-05	0.0041654
6.07	0.00417605	-1.62837e-05	0.00417272
6.08	0.00418338	-1.62904e-05	0.00418005
6.09	0.00419072	-1.62971e-05	0.00418738
6.1	0.00419806	-1.63036e-05	0.00419472
6.11	0.00420541	-1.631e-05	0.00420205
6.12	0.00421275	-1.63163e-05	0.00420939
6.13	0.0042201	-1.63224e-05	0.00421673
6.14	0.00422745	-1.63285e-05	0.00422407
6.15	0.00423481	-1.63344e-05	0.00423141
6.16	0.00424216	-1.63402e-05	0.00423876
6.17	0.00424952	-1.63458e-05	0.00424611
6.18	0.00425688	-1.63514e-05	0.00425346
6.19	0.00426424	-1.63568e-05	0.00426082
6.2	0.00427161	-1.63621e-05	0.00426817
6.21	0.00427898	-1.63673e-05	0.00427553
6.22	0.00428635	-1.63724e-05	0.00428289
6.23	0.00429372	-1.63773e-05	0.00429026
6.24	0.0043011	-1.63821e-05	0.00429762
6.25	0.00430847	-1.63868e-05	0.00430499
6.26	0.00431585	-1.63914e-05	0.00431236
6.27	0.00432324	-1.63958e-05	0.00431974
6.28	0.00433062	-1.64001e-05	0.00432711
6.29	0.00433801	-1.64043e-05	0.00433449
6.3	0.0043454	-1.64084e-05	0.00434187
6.31	0.00435279	-1.64124e-05	0.00434925
6.32	0.00436018	-1.64162e-05	0.00435664
6.33	0.00436758	-1.64199e-05	0.00436403
6.34	0.00437498	-1.64234e-05	0.00437142
6.35	0.00438238	-1.64269e-05	0.00437881
6.36	0.00438979	-1.64302e-05	0.00438621
6.37	0.0043972	-1.64334e-05	0.00439361
6.38	0.00440461	-1.64365e-05	0.00440101
6.39	0.00441202	-1.64394e-05	0.00440841
6.4	0.00441943	-1.64423e-05	0.00441582
6.41	0.00442685	-1.6445e-05	0.00442322
6.42	0.00443427	-1.64475e-05	0.00443063
6.43	0.00444169	-1.645e-05	0.00443805
6.44	0.00444912	-1.64523e-05	0.00444546
6.45	0.00445655	-1.64545e-05	0.00445288
6.46	0.00446398	-1.64565e-05	0.0044603
6.47	0.00447141	-1.64585e-05	0.00446773
6.48	0.00447885	-1.64603e-05	0.00447515
6.49	0.00448628	-1.64619e-05	0.00448258
6.5	0.00449372	-1.64635e-05	0.00449001
6.51	0.00450117	-1.64649e-05	0.00449745
6.52	0.00450861	-1.64662e-05	0.00450488
6.53	0.00451606	-1.64674e-05	0.00451232
6.54	0.00452351	-1.64684e-05	0.00451976
6.55	0.00453097	-1.64693e-05	0.00452721
6.56	0.00453842	-1.64701e-05	0.00453465
6.57	0.00454588	-1.64708e-05	0.0045421
6.58	0.00455334	-1.64713e-05	0.00454956
6.59	0.00456081	-1.64717e-05	0.00455701
6.6	0.00456828	-1.64719e-05	0.00456447
6.61	0.00457575	-1.64721e-05	0.00457193
6.62	0.00458322	-1.64721e-05	0.00457939
6.63	0.00459069	-1.64719e-05	0.00458686
6.64	0.00459817	-1.64717e-05	0.00459432
6.65	0.00460565	-1.64713e-05	0.00460179
6.66	0.00461313	-1.64708e-05	0.00460927
6.67	0.00462062	-1.64701e-05	0.00461674
6.68	0.00462811	-1.64694e-05	0.00462422
6.69	0.0046356	-1.64685e-05	0.0046317
6.7	0.00464309	-1.64674e-05	0.00463919
6.71	0.00465059	-1.64662e-05	0.00464667
6.72	0.00465809	-1.64649e-05	0.00465416
6.73	0.00466559	-1.64635e-05	0.00466165
6.74	0.00467309	-1.6462e-05	0.00466915
6.75	0.0046806	-1.64603e-05	0.00467665
6.76	0.00468811	-1.64584e-05	0.00468415
6.77	0.00469562	-1.64565e-05	0.00469165
6.78	0.00470314	-1.64544e-05	0.00469915
6.79	0.00471066	-1.64522e-05	0.00470666
6.8	0.00471818	-1.64498e-05	0.00471417
6.81	0.0047257	-1.64473e-05	0.00472169
6.82	0.00473323	-1.64447e-05	0.00472921
6.83	0.00474076	-1.6442e-05	0.00473672
6.84	0.00474829	-1.64391e-05	0.00474425
6.85	0.00475583	-1.64361e-05	0.00475177
6.86	0.00476337	-1.64329e-05	0.0047593
6.87	0.00477091	-1.64296e-05	0.00476683
6.88	0.00477845	-1.64262e-05	0.00477436
6.89	0.004786	-1.64227e-05	0.0047819
6.9	0.00479355	-1.6419e-05	0.00478944
6.91	0.0048011	-1.64152e-05	0.00479698
6.92	0.00480865	-1.64113e-05	0.00480453
6.93	0.00481621	-1.64072e-05	0.00481207
6.94	0.00482377	-1.6403e-05	0.00481962
6.95	0.00483134	-1.63986e-05	0.00482718
6.96	0.0048389	-1.63941e-05	0.00483473
6.97	0.00484647	-1.63895e-05	0.00484229
6.98	0.00485404	-1.63848e-05	0.00484985
6.99	0.00486162	-1.63799e-05	0.00485742
7	0.0048692	-1.63749e-05	0.00486499
7.01	0.00487678	-1.63697e-05	0.00487256
7.02	0.00488436	-1.63644e-05	0.00488013
7.03	0.00489195	-1.6359e-05	0.00488771
7.04	0.00489954	-1.63535e-05	0.00489528
7.05	0.00490713	-1.63478e-05	0.00490287
7.06	0.00491473	-1.63419e-05	0.00491045
7.07	0.00492232	-1.6336e-05	0.00491804
7.08	0.00492993	-1.63299e-05	0.00492563
7.09	0.00493753	-1.63236e-05	0.00493322
7.1	0.00494514	-1.63173e-05	0.00494082
7.11	0.00495275	-1.63108e-05	0.00494842
7.12	0.00496036	-1.63041e-05	0.00495602
7.13	0.00496798	-1.62974e-05	0.00496363
7.14	0.0049756	-1.62905e-05	0.00497124
7.15	0.00498322	-1.62834e-05	0.00497885
7.16	0.00499084	-1.62762e-05	0.00498646
7.17	0.00499847	-1.62689e-05	0.00499408
7.18	0.0050061	-1.62614e-05	0.0050017
7.19	0.00501374	-1.62539e-05	0.00500933
7.2	0.00502138	-1.62461e-05	0.00501695
7.21	0.00502902	-1.62383e-05	0.00502458
7.22	0.00503666	-1.62303e-05	0.00503221
7.23	0.00504431	-1.62221e-05	0.00503985
7.24	0.00505196	-1.62138e-05	0.00504749
7.25	0.00505961	-1.62054e-05	0.00505513
7.26	0.00506726	-1.61969e-05	0.00506277
7.27	0.00507492	-1.61882e-05	0.00507042
7.28	0.00508258	-1.61793e-05	0.00507807
7.29	0.00509025	-1.61704e-05	0.00508573
7.3	0.00509792	-1.61613e-05	0.00509338
7.31	0.00510559	-1.6152e-05	0.00510104
7.32	0.00511326	-1.61426e-05	0.00510871
7.33	0.00512094	-1.61331e-05	0.00511637
7.34	0.00512862	-1.61235e-05	0.00512404
7.35	0.0051363	-1.61137e-05	0.00513172
7.36	0.00514399	-1.61037e-05	0.00513939
7.37	0.00515168	-1.60937e-05	0.00514707
7.38	0.00515937	-1.60834e-05	0.00515475
7.39	0.00516707	-1.60731e-05	0.00516244
7.4	0.00517477	-1.60626e-05	0.00517012
7.41	0.00518247	-1.6052e-05	0.00517782
7.42	0.00519018	-1.60412e-05	0.00518551
7.43	0.00519789	-1.60303e-05	0.00519321
7.44	0.0052056	-1.60192e-05	0.00520091
7.45	0.00521331	-1.6008e-05	0.00520861
7.46	0.00522103	-1.59967e-05	0.00521632
7.47	0.00522876	-1.59852e-05	0.00522403
7.48	0.00523648	-1.59736e-05	0.00523174
7.49	0.00524421	-1.59618e-05	0.00523946
7.5	0.00525194	-1.59499e-05	0.00524718
7.51	0.00525967	-1.59379e-05	0.0052549
7.52	0.00526741	-1.59257e-05	0.00526263
7.53	0.00527515	-1.59134e-05	0.00527036
7.54	0.0052829	-1.59009e-05	0.00527809
7.55	0.00529065	-1.58883e-05	0.00528583
7.56	0.0052984	-1.58755e-05	0.00529357
7.57	0.00530615	-1.58626e-05	0.00530131
7.58	0.00531391	-1.58496e-05	0.00530906
7.59	0.00532167	-1.58364e-05	0.0053168
7.6	0.00532943	-1.58231e-05	0.00532456
7.61	0.0053372	-1.58096e-05	0.00533231
7.62	0.00534497	-1.5796e-05	0.00534007
7.63	0.00535274	-1.57823e-05	0.00534783
7.64	0.00536052	-1.57684e-05	0.0053556
7.65	0.0053683	-1.57543e-05	0.00536337
7.66	0.00537609	-1.57401e-05	0.00537114
7.67	0.00538387	-1.57258e-05	0.00537892
7.68	0.00539166	-1.57113e-05	0.00538669
7.69	0.00539946	-1.56967e-05	0.00539448
7.7	0.00540726	-1.56819e-05	0.00540226
7.71	0.00541506	-1.5667e-05	0.00541005
7.72	0.00542286	-1.56519e-05	0.00541784
7.73	0.00543067	-1.56367e-05	0.00542564
7.74	0.00543848	-1.56214e-05	0.00543344
7.75	0.00544629	-1.56058e-05	0.00544124
7.76	0.00545411	-1.55902e-05	0.00544905
7.77	0.00546193	-1.55744e-05	0.00545685
7.78	0.00546976	-1.55585e-05	0.00546467
7.79	0.00547759	-1.55424e-05	0.00547248
7.8	0.00548542	-1.55261e-05	0.0054803
7.81	0.00549325	-1.55097e-05	0.00548813
7.82	0.00550109	-1.54932e-05	0.00549595
7.83	0.00550893	-1.54765e-05	0.00550378
7.84	0.00551678	-1.54597e-05	0.00551161
7.85	0.00552463	-1.54427e-05	0.00551945
7.86	0.00553248	-1.54255e-05	0.00552729
7.87	0.00554033	-1.54082e-05	0.00553513
7.88	0.00554819	-1.53908e-05	0.00554298
7.89	0.00555606	-1.53732e-05	0.00555083
7.9	0.00556392	-1.53555e-05	0.00555868
7.91	0.00557179	-1.53376e-05	0.00556654
7.92	0.00557966	-1.53195e-05	0.0055744
7.93	0.00558754	-1.53013e-05	0.00558227
7.94	0.00559542	-1.5283e-05	0.00559013
7.95	0.00560331	-1.52645e-05	0.00559801
7.96	0.00561119	-1.52458e-05	0.00560588
7.97	0.00561908	-1.5227e-05	0.00561376
7.98	0.00562698	-1.52081e-05	0.00562164
7.99	0.00563488	-1.51889e-05	0.00562953
8	0.00564278	-1.51697e-05	0.00563742
