Frequency (GHz)	Im(Y(1,1)) : transmon_coupling qq leg	Im(Y(1,2)) : transmon_coupling qq leg	Im(Y(2,2)) : transmon_coupling qq leg
0.01	6.66071e-06	-3.5855e-08	6.65647e-06
0.02	1.33227e-05	-7.1779e-08	1.33144e-05
0.03	1.99848e-05	-1.07652e-07	1.99724e-05
0.04	2.66469e-05	-1.4345e-07	2.66304e-05
0.05	3.33091e-05	-1.79147e-07	3.32886e-05
0.06	3.99714e-05	-2.14719e-07	3.99468e-05
0.07	4.66339e-05	-2.50142e-07	4.66052e-05
0.08	5.32966e-05	-2.85389e-07	5.32637e-05
0.09	5.99594e-05	-3.20435e-07	5.99225e-05
0.1	6.66225e-05	-3.55254e-07	6.65814e-05
0.11	7.32859e-05	-3.8982e-07	7.32406e-05
0.12	7.99496e-05	-4.24104e-07	7.99001e-05
0.13	8.66136e-05	-4.5808e-07	8.65599e-05
0.14	9.3278e-05	-4.91719e-07	9.32201e-05
0.15	9.99427e-05	-5.24992e-07	9.98806e-05
0.16	0.000106608	-5.5787e-07	0.000106542
0.17	0.000113274	-5.9032e-07	0.000113203
0.18	0.00011994	-6.22313e-07	0.000119865
0.19	0.000126606	-6.53815e-07	0.000126527
0.2	0.000133274	-6.84792e-07	0.00013319
0.21	0.000139942	-7.1521e-07	0.000139854
0.22	0.00014661	-7.45032e-07	0.000146518
0.23	0.000153279	-7.7422e-07	0.000153182
0.24	0.000159949	-8.02736e-07	0.000159848
0.25	0.00016662	-8.30538e-07	0.000166514
0.26	0.000173292	-8.57583e-07	0.000173181
0.27	0.000179964	-8.83828e-07	0.000179849
0.28	0.000186638	-9.09225e-07	0.000186518
0.29	0.000193312	-9.33726e-07	0.000193188
0.3	0.000199988	-9.5728e-07	0.000199858
0.31	0.000206664	-9.79832e-07	0.00020653
0.32	0.000213342	-1.00133e-06	0.000213203
0.33	0.000220021	-1.0217e-06	0.000219877
0.34	0.000226701	-1.0409e-06	0.000226552
0.35	0.000233383	-1.05884e-06	0.000233229
0.36	0.000240066	-1.07548e-06	0.000239906
0.37	0.00024675	-1.09071e-06	0.000246586
0.38	0.000253437	-1.10448e-06	0.000253267
0.39	0.000260124	-1.11669e-06	0.000259949
0.4	0.000266814	-1.12726e-06	0.000266633
0.41	0.000273506	-1.13609e-06	0.000273319
0.42	0.000280199	-1.14308e-06	0.000280007
0.43	0.000286895	-1.14811e-06	0.000286697
0.44	0.000293593	-1.15109e-06	0.000293389
0.45	0.000300293	-1.15187e-06	0.000300084
0.46	0.000306996	-1.15033e-06	0.00030678
0.47	0.000313701	-1.14633e-06	0.00031348
0.48	0.00032041	-1.13971e-06	0.000320182
0.49	0.000327121	-1.13031e-06	0.000326886
0.5	0.000333835	-1.11794e-06	0.000333594
0.51	0.000340553	-1.10242e-06	0.000340305
0.52	0.000347275	-1.08354e-06	0.00034702
0.53	0.000354	-1.06106e-06	0.000353738
0.54	0.000360729	-1.03474e-06	0.00036046
0.55	0.000367463	-1.00432e-06	0.000367186
0.56	0.000374201	-9.69495e-07	0.000373916
0.57	0.000380945	-9.2995e-07	0.000380652
0.58	0.000387694	-8.85331e-07	0.000387392
0.59	0.000394448	-8.35255e-07	0.000394138
0.6	0.000401209	-7.79295e-07	0.00040089
0.61	0.000407976	-7.16982e-07	0.000407648
0.62	0.000414751	-6.47798e-07	0.000414413
0.63	0.000421534	-5.71167e-07	0.000421186
0.64	0.000428325	-4.86448e-07	0.000427966
0.65	0.000435125	-3.92927e-07	0.000434756
0.66	0.000441935	-2.89803e-07	0.000441555
0.67	0.000448756	-1.76177e-07	0.000448364
0.68	0.00045559	-5.10365e-08	0.000455185
0.69	0.000462436	8.6766e-08	0.000462018
0.7	0.000469297	2.38533e-07	0.000468865
0.71	0.000476174	4.05749e-07	0.000475728
0.72	0.000483069	5.90118e-07	0.000482607
0.73	0.000489984	7.936e-07	0.000489505
0.74	0.000496921	1.01846e-06	0.000496425
0.75	0.000503882	1.26735e-06	0.000503367
0.76	0.000510872	1.54336e-06	0.000510337
0.77	0.000517894	1.85013e-06	0.000517337
0.78	0.000524952	2.192e-06	0.000524371
0.79	0.000532051	2.57414e-06	0.000531445
0.8	0.000539198	3.0028e-06	0.000538564
0.81	0.000546401	3.48559e-06	0.000545736
0.82	0.00055367	4.03186e-06	0.000552971
0.83	0.000561016	4.65327e-06	0.000560279
0.84	0.000568454	5.36449e-06	0.000567675
0.85	0.000576004	6.18429e-06	0.000575177
0.86	0.000583691	7.13703e-06	0.000582808
0.87	0.000591547	8.25498e-06	0.000590601
0.88	0.000599618	9.58175e-06	0.000598598
0.89	0.000607965	1.11777e-05	0.000606858
0.9	0.000616678	1.31292e-05	0.000615464
0.91	0.000625886	1.55635e-05	0.000624541
0.92	0.000635791	1.86773e-05	0.000634281
0.93	0.000646722	2.27906e-05	0.000644995
0.94	0.000659252	2.84619e-05	0.000657228
0.95	0.000674477	3.67606e-05	0.000672023
0.96	0.000694799	5.00262e-05	0.000691659
0.97	0.000726667	7.45463e-05	0.000722266
0.98	0.000795371	0.000134971	0.000787869
0.99	0.00119976	0.000522596	0.0011724
1	0.000341939	-0.000320088	0.000357726
1.01	0.000544649	-0.000129045	0.000550648
1.02	0.000598273	-8.33213e-05	0.000601924
1.03	0.000626013	-6.28264e-05	0.000628609
1.04	0.000644641	-5.12144e-05	0.000646636
1.05	0.000659011	-4.37522e-05	0.000660619
1.06	0.000671051	-3.85621e-05	0.000672387
1.07	0.000681677	-3.47509e-05	0.000682811
1.08	0.00069138	-3.18392e-05	0.000692359
1.09	0.000700448	-2.95467e-05	0.000701304
1.1	0.000709061	-2.76989e-05	0.000709815
1.11	0.000717335	-2.61809e-05	0.000718006
1.12	0.000725352	-2.49144e-05	0.000725952
1.13	0.000733168	-2.38441e-05	0.000733706
1.14	0.000740824	-2.29298e-05	0.00074131
1.15	0.000748351	-2.21415e-05	0.00074879
1.16	0.000755773	-2.14565e-05	0.000756171
1.17	0.000763107	-2.08572e-05	0.000763468
1.18	0.000770368	-2.03298e-05	0.000770696
1.19	0.000777566	-1.98633e-05	0.000777864
1.2	0.000784712	-1.9449e-05	0.000784982
1.21	0.000791812	-1.90795e-05	0.000792057
1.22	0.000798872	-1.87489e-05	0.000799095
1.23	0.000805898	-1.84522e-05	0.000806099
1.24	0.000812894	-1.81854e-05	0.000813075
1.25	0.000819863	-1.7945e-05	0.000820026
1.26	0.000826809	-1.77279e-05	0.000826954
1.27	0.000833733	-1.75317e-05	0.000833862
1.28	0.000840639	-1.73541e-05	0.000840753
1.29	0.000847528	-1.71933e-05	0.000847628
1.3	0.000854402	-1.70476e-05	0.000854488
1.31	0.000861263	-1.69157e-05	0.000861336
1.32	0.000868111	-1.67961e-05	0.000868171
1.33	0.000874947	-1.66879e-05	0.000874997
1.34	0.000881774	-1.65901e-05	0.000881812
1.35	0.000888592	-1.65017e-05	0.000888619
1.36	0.000895401	-1.6422e-05	0.000895418
1.37	0.000902202	-1.63504e-05	0.000902209
1.38	0.000908996	-1.62861e-05	0.000908994
1.39	0.000915783	-1.62286e-05	0.000915772
1.4	0.000922565	-1.61775e-05	0.000922545
1.41	0.000929341	-1.61322e-05	0.000929312
1.42	0.000936112	-1.60924e-05	0.000936075
1.43	0.000942878	-1.60577e-05	0.000942833
1.44	0.00094964	-1.60277e-05	0.000949587
1.45	0.000956397	-1.60022e-05	0.000956337
1.46	0.000963151	-1.59808e-05	0.000963084
1.47	0.000969902	-1.59632e-05	0.000969827
1.48	0.000976649	-1.59493e-05	0.000976567
1.49	0.000983393	-1.59389e-05	0.000983305
1.5	0.000990134	-1.59316e-05	0.00099004
1.51	0.000996873	-1.59274e-05	0.000996772
1.52	0.00100361	-1.59261e-05	0.0010035
1.53	0.00101034	-1.59274e-05	0.00101023
1.54	0.00101708	-1.59313e-05	0.00101696
1.55	0.00102381	-1.59376e-05	0.00102368
1.56	0.00103053	-1.59463e-05	0.0010304
1.57	0.00103726	-1.5957e-05	0.00103712
1.58	0.00104398	-1.59698e-05	0.00104384
1.59	0.00105071	-1.59846e-05	0.00105056
1.6	0.00105743	-1.60012e-05	0.00105728
1.61	0.00106415	-1.60196e-05	0.00106399
1.62	0.00107087	-1.60397e-05	0.00107071
1.63	0.00107759	-1.60614e-05	0.00107742
1.64	0.00108431	-1.60846e-05	0.00108413
1.65	0.00109102	-1.61092e-05	0.00109085
1.66	0.00109774	-1.61353e-05	0.00109756
1.67	0.00110445	-1.61627e-05	0.00110427
1.68	0.00111117	-1.61913e-05	0.00111098
1.69	0.00111788	-1.62211e-05	0.00111768
1.7	0.0011246	-1.62522e-05	0.00112439
1.71	0.00113131	-1.62843e-05	0.0011311
1.72	0.00113802	-1.63175e-05	0.00113781
1.73	0.00114473	-1.63517e-05	0.00114452
1.74	0.00115144	-1.63869e-05	0.00115122
1.75	0.00115815	-1.6423e-05	0.00115793
1.76	0.00116486	-1.64601e-05	0.00116463
1.77	0.00117157	-1.6498e-05	0.00117134
1.78	0.00117828	-1.65367e-05	0.00117805
1.79	0.00118499	-1.65763e-05	0.00118475
1.8	0.0011917	-1.66166e-05	0.00119146
1.81	0.00119841	-1.66577e-05	0.00119816
1.82	0.00120512	-1.66995e-05	0.00120487
1.83	0.00121183	-1.67419e-05	0.00121157
1.84	0.00121854	-1.67851e-05	0.00121828
1.85	0.00122525	-1.68289e-05	0.00122498
1.86	0.00123195	-1.68733e-05	0.00123169
1.87	0.00123866	-1.69183e-05	0.00123839
1.88	0.00124537	-1.69638e-05	0.0012451
1.89	0.00125208	-1.701e-05	0.0012518
1.9	0.00125879	-1.70566e-05	0.00125851
1.91	0.0012655	-1.71038e-05	0.00126521
1.92	0.00127221	-1.71515e-05	0.00127192
1.93	0.00127892	-1.71997e-05	0.00127862
1.94	0.00128563	-1.72483e-05	0.00128533
1.95	0.00129234	-1.72974e-05	0.00129204
1.96	0.00129905	-1.73469e-05	0.00129874
1.97	0.00130576	-1.73969e-05	0.00130545
1.98	0.00131247	-1.74472e-05	0.00131216
1.99	0.00131918	-1.7498e-05	0.00131886
2	0.00132589	-1.75492e-05	0.00132557
2.01	0.0013326	-1.76007e-05	0.00133228
2.02	0.00133932	-1.76526e-05	0.00133899
2.03	0.00134603	-1.77048e-05	0.00134569
2.04	0.00135274	-1.77574e-05	0.0013524
2.05	0.00135945	-1.78103e-05	0.00135911
2.06	0.00136617	-1.78635e-05	0.00136582
2.07	0.00137288	-1.7917e-05	0.00137253
2.08	0.00137959	-1.79709e-05	0.00137924
2.09	0.00138631	-1.8025e-05	0.00138595
2.1	0.00139302	-1.80794e-05	0.00139266
2.11	0.00139974	-1.81341e-05	0.00139938
2.12	0.00140645	-1.8189e-05	0.00140609
2.13	0.00141317	-1.82442e-05	0.0014128
2.14	0.00141989	-1.82997e-05	0.00141951
2.15	0.0014266	-1.83554e-05	0.00142623
2.16	0.00143332	-1.84113e-05	0.00143294
2.17	0.00144004	-1.84675e-05	0.00143966
2.18	0.00144676	-1.85239e-05	0.00144637
2.19	0.00145348	-1.85805e-05	0.00145309
2.2	0.00146019	-1.86373e-05	0.0014598
2.21	0.00146691	-1.86943e-05	0.00146652
2.22	0.00147364	-1.87515e-05	0.00147324
2.23	0.00148036	-1.88089e-05	0.00147996
2.24	0.00148708	-1.88665e-05	0.00148667
2.25	0.0014938	-1.89243e-05	0.00149339
2.26	0.00150052	-1.89823e-05	0.00150011
2.27	0.00150725	-1.90404e-05	0.00150683
2.28	0.00151397	-1.90987e-05	0.00151355
2.29	0.0015207	-1.91572e-05	0.00152027
2.3	0.00152742	-1.92158e-05	0.001527
2.31	0.00153415	-1.92746e-05	0.00153372
2.32	0.00154087	-1.93335e-05	0.00154044
2.33	0.0015476	-1.93926e-05	0.00154717
2.34	0.00155433	-1.94518e-05	0.00155389
2.35	0.00156106	-1.95112e-05	0.00156061
2.36	0.00156778	-1.95707e-05	0.00156734
2.37	0.00157451	-1.96303e-05	0.00157407
2.38	0.00158124	-1.969e-05	0.00158079
2.39	0.00158798	-1.97499e-05	0.00158752
2.4	0.00159471	-1.98099e-05	0.00159425
2.41	0.00160144	-1.987e-05	0.00160098
2.42	0.00160817	-1.99302e-05	0.00160771
2.43	0.00161491	-1.99905e-05	0.00161444
2.44	0.00162164	-2.0051e-05	0.00162117
2.45	0.00162838	-2.01115e-05	0.0016279
2.46	0.00163511	-2.01722e-05	0.00163464
2.47	0.00164185	-2.02329e-05	0.00164137
2.48	0.00164859	-2.02938e-05	0.0016481
2.49	0.00165532	-2.03547e-05	0.00165484
2.5	0.00166206	-2.04157e-05	0.00166157
2.51	0.0016688	-2.04768e-05	0.00166831
2.52	0.00167554	-2.0538e-05	0.00167505
2.53	0.00168228	-2.05993e-05	0.00168178
2.54	0.00168903	-2.06607e-05	0.00168852
2.55	0.00169577	-2.07221e-05	0.00169526
2.56	0.00170251	-2.07836e-05	0.001702
2.57	0.00170926	-2.08452e-05	0.00170874
2.58	0.001716	-2.09069e-05	0.00171549
2.59	0.00172275	-2.09686e-05	0.00172223
2.6	0.00172949	-2.10304e-05	0.00172897
2.61	0.00173624	-2.10922e-05	0.00173572
2.62	0.00174299	-2.11542e-05	0.00174246
2.63	0.00174974	-2.12161e-05	0.00174921
2.64	0.00175649	-2.12782e-05	0.00175595
2.65	0.00176324	-2.13403e-05	0.0017627
2.66	0.00176999	-2.14024e-05	0.00176945
2.67	0.00177674	-2.14647e-05	0.0017762
2.68	0.0017835	-2.15269e-05	0.00178295
2.69	0.00179025	-2.15892e-05	0.0017897
2.7	0.001797	-2.16516e-05	0.00179645
2.71	0.00180376	-2.1714e-05	0.0018032
2.72	0.00181052	-2.17765e-05	0.00180996
2.73	0.00181727	-2.1839e-05	0.00181671
2.74	0.00182403	-2.19015e-05	0.00182347
2.75	0.00183079	-2.19641e-05	0.00183022
2.76	0.00183755	-2.20267e-05	0.00183698
2.77	0.00184431	-2.20894e-05	0.00184374
2.78	0.00185107	-2.21521e-05	0.0018505
2.79	0.00185784	-2.22148e-05	0.00185726
2.8	0.0018646	-2.22776e-05	0.00186402
2.81	0.00187137	-2.23404e-05	0.00187078
2.82	0.00187813	-2.24032e-05	0.00187754
2.83	0.0018849	-2.24661e-05	0.0018843
2.84	0.00189166	-2.25289e-05	0.00189107
2.85	0.00189843	-2.25919e-05	0.00189783
2.86	0.0019052	-2.26548e-05	0.0019046
2.87	0.00191197	-2.27178e-05	0.00191136
2.88	0.00191874	-2.27808e-05	0.00191813
2.89	0.00192552	-2.28438e-05	0.0019249
2.9	0.00193229	-2.29068e-05	0.00193167
2.91	0.00193906	-2.29699e-05	0.00193844
2.92	0.00194584	-2.30329e-05	0.00194521
2.93	0.00195261	-2.3096e-05	0.00195199
2.94	0.00195939	-2.31591e-05	0.00195876
2.95	0.00196617	-2.32223e-05	0.00196553
2.96	0.00197295	-2.32854e-05	0.00197231
2.97	0.00197973	-2.33485e-05	0.00197909
2.98	0.00198651	-2.34117e-05	0.00198586
2.99	0.00199329	-2.34749e-05	0.00199264
3	0.00200007	-2.35381e-05	0.00199942
3.01	0.00200685	-2.36013e-05	0.0020062
3.02	0.00201364	-2.36645e-05	0.00201298
3.03	0.00202042	-2.37277e-05	0.00201976
3.04	0.00202721	-2.37909e-05	0.00202655
3.05	0.002034	-2.38541e-05	0.00203333
3.06	0.00204079	-2.39174e-05	0.00204012
3.07	0.00204758	-2.39806e-05	0.0020469
3.08	0.00205437	-2.40439e-05	0.00205369
3.09	0.00206116	-2.41071e-05	0.00206048
3.1	0.00206795	-2.41703e-05	0.00206727
3.11	0.00207475	-2.42336e-05	0.00207406
3.12	0.00208154	-2.42968e-05	0.00208085
3.13	0.00208834	-2.43601e-05	0.00208764
3.14	0.00209513	-2.44233e-05	0.00209444
3.15	0.00210193	-2.44866e-05	0.00210123
3.16	0.00210873	-2.45498e-05	0.00210803
3.17	0.00211553	-2.46131e-05	0.00211483
3.18	0.00212233	-2.46763e-05	0.00212162
3.19	0.00212913	-2.47395e-05	0.00212842
3.2	0.00213594	-2.48028e-05	0.00213522
3.21	0.00214274	-2.4866e-05	0.00214202
3.22	0.00214955	-2.49292e-05	0.00214883
3.23	0.00215635	-2.49924e-05	0.00215563
3.24	0.00216316	-2.50556e-05	0.00216243
3.25	0.00216997	-2.51188e-05	0.00216924
3.26	0.00217678	-2.51819e-05	0.00217604
3.27	0.00218359	-2.52451e-05	0.00218285
3.28	0.0021904	-2.53083e-05	0.00218966
3.29	0.00219722	-2.53714e-05	0.00219647
3.3	0.00220403	-2.54345e-05	0.00220328
3.31	0.00221085	-2.54976e-05	0.00221009
3.32	0.00221766	-2.55607e-05	0.00221691
3.33	0.00222448	-2.56238e-05	0.00222372
3.34	0.0022313	-2.56869e-05	0.00223054
3.35	0.00223812	-2.575e-05	0.00223735
3.36	0.00224494	-2.5813e-05	0.00224417
3.37	0.00225176	-2.5876e-05	0.00225099
3.38	0.00225859	-2.5939e-05	0.00225781
3.39	0.00226541	-2.6002e-05	0.00226463
3.4	0.00227224	-2.6065e-05	0.00227145
3.41	0.00227906	-2.6128e-05	0.00227828
3.42	0.00228589	-2.61909e-05	0.0022851
3.43	0.00229272	-2.62538e-05	0.00229193
3.44	0.00229955	-2.63167e-05	0.00229875
3.45	0.00230638	-2.63796e-05	0.00230558
3.46	0.00231322	-2.64424e-05	0.00231241
3.47	0.00232005	-2.65053e-05	0.00231924
3.48	0.00232688	-2.65681e-05	0.00232607
3.49	0.00233372	-2.66309e-05	0.00233291
3.5	0.00234056	-2.66936e-05	0.00233974
3.51	0.0023474	-2.67564e-05	0.00234658
3.52	0.00235424	-2.68191e-05	0.00235341
3.53	0.00236108	-2.68818e-05	0.00236025
3.54	0.00236792	-2.69444e-05	0.00236709
3.55	0.00237476	-2.7007e-05	0.00237393
3.56	0.00238161	-2.70697e-05	0.00238077
3.57	0.00238845	-2.71322e-05	0.00238761
3.58	0.0023953	-2.71948e-05	0.00239446
3.59	0.00240215	-2.72573e-05	0.0024013
3.6	0.002409	-2.73198e-05	0.00240815
3.61	0.00241585	-2.73823e-05	0.00241499
3.62	0.0024227	-2.74447e-05	0.00242184
3.63	0.00242956	-2.75071e-05	0.00242869
3.64	0.00243641	-2.75695e-05	0.00243554
3.65	0.00244327	-2.76319e-05	0.0024424
3.66	0.00245012	-2.76942e-05	0.00244925
3.67	0.00245698	-2.77565e-05	0.00245611
3.68	0.00246384	-2.78187e-05	0.00246296
3.69	0.0024707	-2.78809e-05	0.00246982
3.7	0.00247757	-2.79431e-05	0.00247668
3.71	0.00248443	-2.80053e-05	0.00248354
3.72	0.0024913	-2.80674e-05	0.0024904
3.73	0.00249816	-2.81295e-05	0.00249726
3.74	0.00250503	-2.81915e-05	0.00250413
3.75	0.0025119	-2.82536e-05	0.00251099
3.76	0.00251877	-2.83156e-05	0.00251786
3.77	0.00252564	-2.83775e-05	0.00252472
3.78	0.00253251	-2.84394e-05	0.00253159
3.79	0.00253939	-2.85013e-05	0.00253846
3.8	0.00254626	-2.85631e-05	0.00254534
3.81	0.00255314	-2.86249e-05	0.00255221
3.82	0.00256002	-2.86867e-05	0.00255908
3.83	0.0025669	-2.87484e-05	0.00256596
3.84	0.00257378	-2.88101e-05	0.00257284
3.85	0.00258066	-2.88718e-05	0.00257971
3.86	0.00258754	-2.89334e-05	0.00258659
3.87	0.00259443	-2.89949e-05	0.00259348
3.88	0.00260131	-2.90565e-05	0.00260036
3.89	0.0026082	-2.91179e-05	0.00260724
3.9	0.00261509	-2.91794e-05	0.00261413
3.91	0.00262198	-2.92408e-05	0.00262101
3.92	0.00262887	-2.93022e-05	0.0026279
3.93	0.00263577	-2.93635e-05	0.00263479
3.94	0.00264266	-2.94248e-05	0.00264168
3.95	0.00264956	-2.9486e-05	0.00264857
3.96	0.00265645	-2.95472e-05	0.00265547
3.97	0.00266335	-2.96084e-05	0.00266236
3.98	0.00267025	-2.96695e-05	0.00266926
3.99	0.00267715	-2.97306e-05	0.00267615
4	0.00268406	-2.97916e-05	0.00268305
4.01	0.00269096	-2.98526e-05	0.00268995
4.02	0.00269787	-2.99135e-05	0.00269686
4.03	0.00270477	-2.99744e-05	0.00270376
4.04	0.00271168	-3.00353e-05	0.00271066
4.05	0.00271859	-3.00961e-05	0.00271757
4.06	0.0027255	-3.01569e-05	0.00272448
4.07	0.00273242	-3.02176e-05	0.00273139
4.08	0.00273933	-3.02784e-05	0.0027383
4.09	0.00274625	-3.0339e-05	0.00274521
4.1	0.00275317	-3.03997e-05	0.00275212
4.11	0.00276009	-3.04602e-05	0.00275904
4.12	0.00276701	-3.05208e-05	0.00276595
4.13	0.00277393	-3.05813e-05	0.00277287
4.14	0.00278085	-3.06418e-05	0.00277979
4.15	0.00278778	-3.07022e-05	0.00278671
4.16	0.0027947	-3.07626e-05	0.00279364
4.17	0.00280163	-3.08229e-05	0.00280056
4.18	0.00280856	-3.08832e-05	0.00280749
4.19	0.00281549	-3.09434e-05	0.00281441
4.2	0.00282243	-3.10037e-05	0.00282134
4.21	0.00282936	-3.10638e-05	0.00282827
4.22	0.0028363	-3.11239e-05	0.00283521
4.23	0.00284323	-3.1184e-05	0.00284214
4.24	0.00285017	-3.1244e-05	0.00284907
4.25	0.00285711	-3.1304e-05	0.00285601
4.26	0.00286406	-3.1364e-05	0.00286295
4.27	0.002871	-3.14238e-05	0.00286989
4.28	0.00287795	-3.14837e-05	0.00287683
4.29	0.00288489	-3.15435e-05	0.00288377
4.3	0.00289184	-3.16032e-05	0.00289072
4.31	0.00289879	-3.16629e-05	0.00289766
4.32	0.00290574	-3.17226e-05	0.00290461
4.33	0.0029127	-3.17822e-05	0.00291156
4.34	0.00291965	-3.18418e-05	0.00291851
4.35	0.00292661	-3.19013e-05	0.00292546
4.36	0.00293357	-3.19607e-05	0.00293242
4.37	0.00294053	-3.20201e-05	0.00293937
4.38	0.00294749	-3.20795e-05	0.00294633
4.39	0.00295445	-3.21388e-05	0.00295329
4.4	0.00296142	-3.2198e-05	0.00296025
4.41	0.00296838	-3.22573e-05	0.00296721
4.42	0.00297535	-3.23164e-05	0.00297418
4.43	0.00298232	-3.23755e-05	0.00298114
4.44	0.00298929	-3.24346e-05	0.00298811
4.45	0.00299627	-3.24936e-05	0.00299508
4.46	0.00300324	-3.25525e-05	0.00300205
4.47	0.00301022	-3.26114e-05	0.00300902
4.48	0.00301719	-3.26702e-05	0.00301599
4.49	0.00302417	-3.2729e-05	0.00302297
4.5	0.00303116	-3.27877e-05	0.00302994
4.51	0.00303814	-3.28464e-05	0.00303692
4.52	0.00304512	-3.2905e-05	0.0030439
4.53	0.00305211	-3.29636e-05	0.00305089
4.54	0.0030591	-3.30221e-05	0.00305787
4.55	0.00306609	-3.30805e-05	0.00306485
4.56	0.00307308	-3.31389e-05	0.00307184
4.57	0.00308007	-3.31973e-05	0.00307883
4.58	0.00308707	-3.32555e-05	0.00308582
4.59	0.00309406	-3.33137e-05	0.00309281
4.6	0.00310106	-3.33719e-05	0.00309981
4.61	0.00310806	-3.343e-05	0.0031068
4.62	0.00311506	-3.3488e-05	0.0031138
4.63	0.00312207	-3.3546e-05	0.0031208
4.64	0.00312907	-3.3604e-05	0.0031278
4.65	0.00313608	-3.36618e-05	0.0031348
4.66	0.00314309	-3.37196e-05	0.0031418
4.67	0.0031501	-3.37774e-05	0.00314881
4.68	0.00315711	-3.3835e-05	0.00315582
4.69	0.00316412	-3.38926e-05	0.00316283
4.7	0.00317114	-3.39502e-05	0.00316984
4.71	0.00317816	-3.40077e-05	0.00317685
4.72	0.00318518	-3.40651e-05	0.00318387
4.73	0.0031922	-3.41225e-05	0.00319088
4.74	0.00319922	-3.41798e-05	0.0031979
4.75	0.00320624	-3.4237e-05	0.00320492
4.76	0.00321327	-3.42942e-05	0.00321194
4.77	0.0032203	-3.43513e-05	0.00321896
4.78	0.00322733	-3.44083e-05	0.00322599
4.79	0.00323436	-3.44653e-05	0.00323302
4.8	0.00324139	-3.45222e-05	0.00324004
4.81	0.00324843	-3.45791e-05	0.00324707
4.82	0.00325547	-3.46358e-05	0.00325411
4.83	0.0032625	-3.46925e-05	0.00326114
4.84	0.00326954	-3.47492e-05	0.00326818
4.85	0.00327659	-3.48057e-05	0.00327521
4.86	0.00328363	-3.48622e-05	0.00328225
4.87	0.00329068	-3.49187e-05	0.00328929
4.88	0.00329773	-3.4975e-05	0.00329634
4.89	0.00330477	-3.50313e-05	0.00330338
4.9	0.00331183	-3.50875e-05	0.00331043
4.91	0.00331888	-3.51437e-05	0.00331748
4.92	0.00332593	-3.51998e-05	0.00332453
4.93	0.00333299	-3.52558e-05	0.00333158
4.94	0.00334005	-3.53117e-05	0.00333863
4.95	0.00334711	-3.53676e-05	0.00334569
4.96	0.00335417	-3.54234e-05	0.00335275
4.97	0.00336124	-3.54791e-05	0.00335981
4.98	0.0033683	-3.55347e-05	0.00336687
4.99	0.00337537	-3.55903e-05	0.00337393
5	0.00338244	-3.56458e-05	0.003381
5.01	0.00338952	-3.57012e-05	0.00338806
5.02	0.00339659	-3.57565e-05	0.00339513
5.03	0.00340366	-3.58118e-05	0.0034022
5.04	0.00341074	-3.5867e-05	0.00340928
5.05	0.00341782	-3.59221e-05	0.00341635
5.06	0.0034249	-3.59771e-05	0.00342343
5.07	0.00343199	-3.60321e-05	0.0034305
5.08	0.00343907	-3.6087e-05	0.00343758
5.09	0.00344616	-3.61418e-05	0.00344467
5.1	0.00345325	-3.61965e-05	0.00345175
5.11	0.00346034	-3.62511e-05	0.00345884
5.12	0.00346743	-3.63057e-05	0.00346592
5.13	0.00347453	-3.63602e-05	0.00347301
5.14	0.00348162	-3.64146e-05	0.0034801
5.15	0.00348872	-3.64689e-05	0.0034872
5.16	0.00349582	-3.65231e-05	0.00349429
5.17	0.00350292	-3.65773e-05	0.00350139
5.18	0.00351003	-3.66314e-05	0.00350849
5.19	0.00351714	-3.66854e-05	0.00351559
5.2	0.00352424	-3.67393e-05	0.00352269
5.21	0.00353135	-3.67931e-05	0.0035298
5.22	0.00353847	-3.68468e-05	0.00353691
5.23	0.00354558	-3.69005e-05	0.00354401
5.24	0.0035527	-3.69541e-05	0.00355113
5.25	0.00355981	-3.70076e-05	0.00355824
5.26	0.00356694	-3.7061e-05	0.00356535
5.27	0.00357406	-3.71143e-05	0.00357247
5.28	0.00358118	-3.71675e-05	0.00357959
5.29	0.00358831	-3.72206e-05	0.00358671
5.3	0.00359544	-3.72737e-05	0.00359383
5.31	0.00360257	-3.73267e-05	0.00360096
5.32	0.0036097	-3.73795e-05	0.00360808
5.33	0.00361683	-3.74323e-05	0.00361521
5.34	0.00362397	-3.7485e-05	0.00362234
5.35	0.00363111	-3.75376e-05	0.00362947
5.36	0.00363825	-3.75902e-05	0.00363661
5.37	0.00364539	-3.76426e-05	0.00364375
5.38	0.00365253	-3.76949e-05	0.00365088
5.39	0.00365968	-3.77472e-05	0.00365803
5.4	0.00366683	-3.77993e-05	0.00366517
5.41	0.00367398	-3.78514e-05	0.00367231
5.42	0.00368113	-3.79034e-05	0.00367946
5.43	0.00368828	-3.79552e-05	0.00368661
5.44	0.00369544	-3.8007e-05	0.00369376
5.45	0.0037026	-3.80587e-05	0.00370091
5.46	0.00370976	-3.81103e-05	0.00370807
5.47	0.00371692	-3.81618e-05	0.00371522
5.48	0.00372409	-3.82132e-05	0.00372238
5.49	0.00373125	-3.82645e-05	0.00372954
5.5	0.00373842	-3.83158e-05	0.00373671
5.51	0.00374559	-3.83669e-05	0.00374387
5.52	0.00375277	-3.84179e-05	0.00375104
5.53	0.00375994	-3.84688e-05	0.00375821
5.54	0.00376712	-3.85197e-05	0.00376538
5.55	0.0037743	-3.85704e-05	0.00377255
5.56	0.00378148	-3.8621e-05	0.00377973
5.57	0.00378866	-3.86716e-05	0.00378691
5.58	0.00379585	-3.8722e-05	0.00379409
5.59	0.00380304	-3.87723e-05	0.00380127
5.6	0.00381023	-3.88226e-05	0.00380845
5.61	0.00381742	-3.88727e-05	0.00381564
5.62	0.00382461	-3.89227e-05	0.00382283
5.63	0.00383181	-3.89727e-05	0.00383002
5.64	0.00383901	-3.90225e-05	0.00383721
5.65	0.00384621	-3.90722e-05	0.0038444
5.66	0.00385341	-3.91219e-05	0.0038516
5.67	0.00386062	-3.91714e-05	0.0038588
5.68	0.00386782	-3.92208e-05	0.003866
5.69	0.00387503	-3.92702e-05	0.0038732
5.7	0.00388224	-3.93194e-05	0.00388041
5.71	0.00388946	-3.93685e-05	0.00388762
5.72	0.00389667	-3.94175e-05	0.00389483
5.73	0.00390389	-3.94664e-05	0.00390204
5.74	0.00391111	-3.95152e-05	0.00390925
5.75	0.00391833	-3.95639e-05	0.00391647
5.76	0.00392556	-3.96125e-05	0.00392369
5.77	0.00393278	-3.9661e-05	0.00393091
5.78	0.00394001	-3.97093e-05	0.00393813
5.79	0.00394724	-3.97576e-05	0.00394536
5.8	0.00395448	-3.98058e-05	0.00395258
5.81	0.00396171	-3.98538e-05	0.00395981
5.82	0.00396895	-3.99018e-05	0.00396704
5.83	0.00397619	-3.99496e-05	0.00397428
5.84	0.00398343	-3.99973e-05	0.00398151
5.85	0.00399068	-4.00449e-05	0.00398875
5.86	0.00399792	-4.00924e-05	0.00399599
5.87	0.00400517	-4.01398e-05	0.00400323
5.88	0.00401242	-4.01871e-05	0.00401048
5.89	0.00401968	-4.02343e-05	0.00401773
5.9	0.00402693	-4.02814e-05	0.00402498
5.91	0.00403419	-4.03283e-05	0.00403223
5.92	0.00404145	-4.03752e-05	0.00403948
5.93	0.00404871	-4.04219e-05	0.00404674
5.94	0.00405598	-4.04685e-05	0.004054
5.95	0.00406325	-4.0515e-05	0.00406126
5.96	0.00407051	-4.05614e-05	0.00406852
5.97	0.00407779	-4.06077e-05	0.00407578
5.98	0.00408506	-4.06539e-05	0.00408305
5.99	0.00409234	-4.06999e-05	0.00409032
6	0.00409962	-4.07458e-05	0.00409759
6.01	0.0041069	-4.07917e-05	0.00410487
6.02	0.00411418	-4.08374e-05	0.00411215
6.03	0.00412147	-4.0883e-05	0.00411942
6.04	0.00412875	-4.09284e-05	0.00412671
6.05	0.00413604	-4.09738e-05	0.00413399
6.06	0.00414334	-4.1019e-05	0.00414128
6.07	0.00415063	-4.10642e-05	0.00414856
6.08	0.00415793	-4.11092e-05	0.00415585
6.09	0.00416523	-4.11541e-05	0.00416315
6.1	0.00417253	-4.11989e-05	0.00417044
6.11	0.00417983	-4.12435e-05	0.00417774
6.12	0.00418714	-4.12881e-05	0.00418504
6.13	0.00419445	-4.13325e-05	0.00419234
6.14	0.00420176	-4.13768e-05	0.00419965
6.15	0.00420908	-4.1421e-05	0.00420696
6.16	0.00421639	-4.14651e-05	0.00421427
6.17	0.00422371	-4.15091e-05	0.00422158
6.18	0.00423103	-4.15529e-05	0.00422889
6.19	0.00423836	-4.15966e-05	0.00423621
6.2	0.00424568	-4.16402e-05	0.00424353
6.21	0.00425301	-4.16837e-05	0.00425085
6.22	0.00426034	-4.17271e-05	0.00425817
6.23	0.00426767	-4.17703e-05	0.0042655
6.24	0.00427501	-4.18134e-05	0.00427283
6.25	0.00428235	-4.18564e-05	0.00428016
6.26	0.00428969	-4.18993e-05	0.00428749
6.27	0.00429703	-4.1942e-05	0.00429483
6.28	0.00430438	-4.19847e-05	0.00430217
6.29	0.00431173	-4.20272e-05	0.00430951
6.3	0.00431908	-4.20696e-05	0.00431685
6.31	0.00432643	-4.21118e-05	0.0043242
6.32	0.00433378	-4.2154e-05	0.00433155
6.33	0.00434114	-4.2196e-05	0.0043389
6.34	0.0043485	-4.22379e-05	0.00434625
6.35	0.00435587	-4.22796e-05	0.00435361
6.36	0.00436323	-4.23213e-05	0.00436097
6.37	0.0043706	-4.23628e-05	0.00436833
6.38	0.00437797	-4.24042e-05	0.00437569
6.39	0.00438534	-4.24455e-05	0.00438306
6.4	0.00439272	-4.24866e-05	0.00439043
6.41	0.0044001	-4.25277e-05	0.0043978
6.42	0.00440748	-4.25685e-05	0.00440517
6.43	0.00441486	-4.26093e-05	0.00441255
6.44	0.00442225	-4.265e-05	0.00441992
6.45	0.00442964	-4.26905e-05	0.00442731
6.46	0.00443703	-4.27309e-05	0.00443469
6.47	0.00444442	-4.27711e-05	0.00444208
6.48	0.00445182	-4.28113e-05	0.00444946
6.49	0.00445921	-4.28513e-05	0.00445686
6.5	0.00446662	-4.28912e-05	0.00446425
6.51	0.00447402	-4.29309e-05	0.00447165
6.52	0.00448143	-4.29705e-05	0.00447905
6.53	0.00448883	-4.301e-05	0.00448645
6.54	0.00449625	-4.30494e-05	0.00449385
6.55	0.00450366	-4.30886e-05	0.00450126
6.56	0.00451108	-4.31277e-05	0.00450867
6.57	0.0045185	-4.31667e-05	0.00451608
6.58	0.00452592	-4.32056e-05	0.00452349
6.59	0.00453334	-4.32443e-05	0.00453091
6.6	0.00454077	-4.32829e-05	0.00453833
6.61	0.0045482	-4.33213e-05	0.00454575
6.62	0.00455563	-4.33597e-05	0.00455318
6.63	0.00456307	-4.33978e-05	0.00456061
6.64	0.00457051	-4.34359e-05	0.00456804
6.65	0.00457795	-4.34738e-05	0.00457547
6.66	0.00458539	-4.35116e-05	0.00458291
6.67	0.00459284	-4.35493e-05	0.00459035
6.68	0.00460029	-4.35869e-05	0.00459779
6.69	0.00460774	-4.36243e-05	0.00460523
6.7	0.00461519	-4.36615e-05	0.00461268
6.71	0.00462265	-4.36987e-05	0.00462013
6.72	0.00463011	-4.37357e-05	0.00462758
6.73	0.00463757	-4.37726e-05	0.00463503
6.74	0.00464504	-4.38093e-05	0.00464249
6.75	0.00465251	-4.38459e-05	0.00464995
6.76	0.00465998	-4.38824e-05	0.00465741
6.77	0.00466745	-4.39187e-05	0.00466488
6.78	0.00467493	-4.39549e-05	0.00467235
6.79	0.00468241	-4.3991e-05	0.00467982
6.8	0.00468989	-4.40269e-05	0.00468729
6.81	0.00469737	-4.40627e-05	0.00469477
6.82	0.00470486	-4.40984e-05	0.00470225
6.83	0.00471235	-4.41339e-05	0.00470973
6.84	0.00471984	-4.41693e-05	0.00471722
6.85	0.00472734	-4.42046e-05	0.00472471
6.86	0.00473484	-4.42397e-05	0.0047322
6.87	0.00474234	-4.42747e-05	0.00473969
6.88	0.00474984	-4.43095e-05	0.00474719
6.89	0.00475735	-4.43442e-05	0.00475468
6.9	0.00476486	-4.43788e-05	0.00476219
6.91	0.00477237	-4.44132e-05	0.00476969
6.92	0.00477989	-4.44475e-05	0.0047772
6.93	0.00478741	-4.44817e-05	0.00478471
6.94	0.00479493	-4.45157e-05	0.00479222
6.95	0.00480245	-4.45496e-05	0.00479974
6.96	0.00480998	-4.45834e-05	0.00480726
6.97	0.00481751	-4.4617e-05	0.00481478
6.98	0.00482504	-4.46504e-05	0.0048223
6.99	0.00483258	-4.46838e-05	0.00482983
7	0.00484012	-4.4717e-05	0.00483736
7.01	0.00484766	-4.475e-05	0.0048449
7.02	0.0048552	-4.47829e-05	0.00485243
7.03	0.00486275	-4.48157e-05	0.00485997
7.04	0.0048703	-4.48483e-05	0.00486751
7.05	0.00487785	-4.48808e-05	0.00487506
7.06	0.00488541	-4.49132e-05	0.00488261
7.07	0.00489297	-4.49454e-05	0.00489016
7.08	0.00490053	-4.49774e-05	0.00489771
7.09	0.0049081	-4.50094e-05	0.00490527
7.1	0.00491567	-4.50411e-05	0.00491283
7.11	0.00492324	-4.50728e-05	0.00492039
7.12	0.00493081	-4.51043e-05	0.00492795
7.13	0.00493839	-4.51356e-05	0.00493552
7.14	0.00494597	-4.51669e-05	0.0049431
7.15	0.00495355	-4.51979e-05	0.00495067
7.16	0.00496114	-4.52289e-05	0.00495825
7.17	0.00496873	-4.52596e-05	0.00496583
7.18	0.00497632	-4.52903e-05	0.00497341
7.19	0.00498391	-4.53208e-05	0.004981
7.2	0.00499151	-4.53511e-05	0.00498859
7.21	0.00499911	-4.53814e-05	0.00499618
7.22	0.00500672	-4.54114e-05	0.00500378
7.23	0.00501432	-4.54413e-05	0.00501137
7.24	0.00502193	-4.54711e-05	0.00501898
7.25	0.00502955	-4.55008e-05	0.00502658
7.26	0.00503716	-4.55302e-05	0.00503419
7.27	0.00504478	-4.55596e-05	0.0050418
7.28	0.00505241	-4.55888e-05	0.00504941
7.29	0.00506003	-4.56178e-05	0.00505703
7.3	0.00506766	-4.56467e-05	0.00506465
7.31	0.00507529	-4.56755e-05	0.00507227
7.32	0.00508293	-4.57041e-05	0.0050799
7.33	0.00509057	-4.57325e-05	0.00508753
7.34	0.00509821	-4.57609e-05	0.00509516
7.35	0.00510585	-4.5789e-05	0.0051028
7.36	0.0051135	-4.5817e-05	0.00511044
7.37	0.00512115	-4.58449e-05	0.00511808
7.38	0.00512881	-4.58726e-05	0.00512572
7.39	0.00513646	-4.59002e-05	0.00513337
7.4	0.00514412	-4.59276e-05	0.00514102
7.41	0.00515179	-4.59549e-05	0.00514868
7.42	0.00515945	-4.5982e-05	0.00515633
7.43	0.00516712	-4.6009e-05	0.00516399
7.44	0.0051748	-4.60358e-05	0.00517166
7.45	0.00518247	-4.60625e-05	0.00517933
7.46	0.00519015	-4.6089e-05	0.005187
7.47	0.00519783	-4.61154e-05	0.00519467
7.48	0.00520552	-4.61416e-05	0.00520235
7.49	0.00521321	-4.61677e-05	0.00521003
7.5	0.0052209	-4.61936e-05	0.00521771
7.51	0.0052286	-4.62194e-05	0.0052254
7.52	0.0052363	-4.6245e-05	0.00523309
7.53	0.005244	-4.62705e-05	0.00524078
7.54	0.0052517	-4.62958e-05	0.00524847
7.55	0.00525941	-4.63209e-05	0.00525617
7.56	0.00526713	-4.63459e-05	0.00526388
7.57	0.00527484	-4.63708e-05	0.00527158
7.58	0.00528256	-4.63955e-05	0.00527929
7.59	0.00529028	-4.642e-05	0.005287
7.6	0.00529801	-4.64444e-05	0.00529472
7.61	0.00530574	-4.64686e-05	0.00530244
7.62	0.00531347	-4.64927e-05	0.00531016
7.63	0.0053212	-4.65166e-05	0.00531789
7.64	0.00532894	-4.65404e-05	0.00532562
7.65	0.00533668	-4.6564e-05	0.00533335
7.66	0.00534443	-4.65874e-05	0.00534108
7.67	0.00535218	-4.66107e-05	0.00534882
7.68	0.00535993	-4.66338e-05	0.00535656
7.69	0.00536768	-4.66568e-05	0.00536431
7.7	0.00537544	-4.66796e-05	0.00537206
7.71	0.0053832	-4.67023e-05	0.00537981
7.72	0.00539097	-4.67248e-05	0.00538757
7.73	0.00539874	-4.67471e-05	0.00539533
7.74	0.00540651	-4.67693e-05	0.00540309
7.75	0.00541429	-4.67914e-05	0.00541085
7.76	0.00542207	-4.68132e-05	0.00541862
7.77	0.00542985	-4.68349e-05	0.0054264
7.78	0.00543764	-4.68565e-05	0.00543417
7.79	0.00544542	-4.68778e-05	0.00544195
7.8	0.00545322	-4.68991e-05	0.00544973
7.81	0.00546101	-4.69201e-05	0.00545752
7.82	0.00546881	-4.6941e-05	0.00546531
7.83	0.00547662	-4.69618e-05	0.0054731
7.84	0.00548442	-4.69823e-05	0.0054809
7.85	0.00549223	-4.70027e-05	0.0054887
7.86	0.00550005	-4.7023e-05	0.0054965
7.87	0.00550786	-4.70431e-05	0.00550431
7.88	0.00551569	-4.7063e-05	0.00551212
7.89	0.00552351	-4.70827e-05	0.00551994
7.9	0.00553134	-4.71023e-05	0.00552775
7.91	0.00553917	-4.71217e-05	0.00553557
7.92	0.005547	-4.7141e-05	0.0055434
7.93	0.00555484	-4.71601e-05	0.00555123
7.94	0.00556268	-4.7179e-05	0.00555906
7.95	0.00557053	-4.71977e-05	0.00556689
7.96	0.00557838	-4.72163e-05	0.00557473
7.97	0.00558623	-4.72347e-05	0.00558257
7.98	0.00559409	-4.7253e-05	0.00559042
7.99	0.00560195	-4.72711e-05	0.00559827
8	0.00560981	-4.7289e-05	0.00560612
